time	idle	user	header
1415169939885	0.37546933667083854	99.62453066332917	0.0
1415169954371	0.0	14.398646938580043	85.60135306141996
1415169969342	0.0	12.821454812637754	87.17854518736225
1415169984341	0.0	0.37335822388159556	99.6266417761184
1415169999341	0.0	0.35333333333333883	99.64666666666666
1415170014342	0.0	0.3358109459369416	99.66418905406306
1415170029341	0.0	0.6192079471964718	99.38079205280353
1415170044341	0.0	0.2775000000000034	99.7225
1415170059341	0.0	13.120000000000005	86.88
1415170074342	0.0	52.852309846010264	47.147690153989736
1415170089341	0.35185432230522945	12.529837790502285	87.11830788719249
1415170104341	2.259515282751728	10.522151383914945	87.21833333333333
1415170119342	0.0	0.362475834944334	99.63752416505567
1415170134341	0.0	12.868357890526028	87.13164210947397
1415170149340	0.0	0.42419494632976296	99.57580505367024
1415170164340	0.0	0.49833333333336327	99.50166666666664
1415170179339	0.0	0.10084005600373303	99.89915994399627
1415170194340	0.0	51.58989400706619	48.41010599293381
1415170209340	0.0	0.48499999999999943	99.515
1415170224340	0.0	0.37999999999999545	99.62
1415170239340	0.0	0.2875000000000085	99.71249999999999
1415170254339	0.0	0.4525301686779244	99.54746983132208
1415170269340	0.0	0.2958136124258317	99.70418638757417
1415170284340	0.0	0.2641666666666822	99.73583333333332
1415170299340	0.0	0.3541666666666714	99.64583333333333
1415170314340	0.0	51.263333333333335	48.736666666666665
1415170329339	0.0	1.0359023934929041	98.9640976065071
1415170344340	0.0	0.2833144457036241	99.71668555429638
1415170359340	0.0	0.26250000000001705	99.73749999999998
1415170374340	0.0	0.44583333333333997	99.55416666666666
1415170389340	0.0	12.757499999999993	87.2425
1415170404339	0.0	0.38585905727047987	99.61414094272952
1415170419340	0.0	0.2699820011999208	99.73001799880008
1415170434340	0.0	47.80416666666667	52.19583333333333
1415170449340	0.0	0.3683333333333394	99.63166666666666
1415170464340	0.0	0.2883333333333411	99.71166666666666
1415170479339	0.0	0.412527501833452	99.58747249816655
1415170494340	0.0	12.776648223451772	87.22335177654823
1415170509340	0.0	13.015833333333333	86.98416666666667
1415170524340	0.0	0.29000000000000625	99.71
1415170539340	0.0	0.3149999999999977	99.685
1415170554339	0.0	51.42842856190413	48.57157143809587
1415170569340	0.0	12.826644890340646	87.17335510965935
1415170584340	0.0	1.2125000000000057	98.7875
1415170599340	0.0	0.27583333333332405	99.72416666666668
1415170614340	0.0	0.32833333333334735	99.67166666666665
1415170629339	0.0	0.37335822388159556	99.6266417761184
1415170644340	0.0	1.414905672955129	98.58509432704487
1415170659340	0.0	3.967499999999987	96.03250000000001
1415170674340	0.0	53.18157407407407	46.81842592592593
1415170689464	0.0	91.54841830799757	8.45158169200244
1415170704465	0.0	89.29341987198856	10.706580128011439
1415170720073	0.0	82.76687788065189	17.23312211934811
1415170735080	0.22155957953655733	94.19681519636445	5.581625224098983
1415170750401	64.47434230269081	28.070390454549333	7.455267242759851
1415170764637	47.95720979872263	51.97711152158724	0.06567867969013136
1415170779574	49.025471022339204	0.9352356558696755	50.03929332179112
1415170794605	54.188136808578044	8.267732616831672	37.544130574590284
1415170809558	61.593128270070316	0.9269345935690865	37.4799371363606
1415170824605	61.72202971946425	0.7480249425946326	37.529945337941115
1415170839543	72.57565523394959	2.413573690047375	25.010771076003035
1415170854550	74.51857404631018	0.479760064438139	25.001665889251683
1415170869558	74.22361543014831	0.7655427889900217	25.010841780861664
1415170884558	74.33037016054453	0.6838106869696468	24.98581915248582
1415170899558	73.6362954880517	1.586206234055716	24.777498277892583
1415170914574	62.441686104631785	12.584856443366423	24.973457452001792
1415170929668	48.65751690595956	1.2809565492765174	50.06152654476392
1415170944667	36.65955531851062	13.351278682306017	49.98916599918336
1415170959652	35.35707741258392	14.621324929880778	50.0215976575353
1415170974685	36.758857028507585	13.208653934933544	50.03248903655887
1415170989625	45.26983704024448	17.17942619394117	37.55073676581435
1415171004656	49.28418366921532	13.222455069377382	37.4933612614073
1415171019641	49.324628545700136	13.120357326335046	37.55501412796482
1415171034646	43.042739598254435	19.452296245923804	37.50496415582176
1415171049657	36.84952180837315	13.135445262390462	50.01503292923639
1415171064609	38.00188218833543	24.503181207188653	37.49493660447592
1415171079625	49.25093164594953	13.113274849175099	37.63579350487537
1415171094625	49.29293602278595	13.227897310547384	37.479166666666664
1415171109625	49.10090702001786	13.394885380765203	37.50420759921694
1415171124579	49.390706081278054	13.092631205456492	37.516662713265454
1415171139625	49.37523444337932	13.117194302941506	37.507571253679174
1415171154625	43.85995630930345	18.621734389892573	37.51830930080398
1415171169656	36.75969082737862	13.177014050527113	50.06329512209427
1415171184656	36.74159455655404	13.261747950842363	49.996657492603596
1415171199641	36.836312700106724	13.177868592771851	49.985818707121425
1415171214674	31.13585709058248	18.834200394440394	50.02994251497713
1415171229657	30.89447856856723	19.10134363871005	50.00417779272273
1415171244625	30.57774072530221	19.409848278824803	50.01241099587299
1415171259640	36.836093184584854	13.148882672890998	50.01502414252415
1415171274630	35.22887191999267	14.741966177712044	50.029161902295286
1415171289700	36.064726429958895	13.921868389202338	50.01340518083877
1415171304638	35.34506472829123	14.618216253205198	50.03671901850358
1415171319638	36.811900815432416	13.189805063668018	49.998294120899565
1415171334637	36.01250521050437	13.88168631829263	50.105808471203
1415171349669	36.876431635500396	38.12520398811725	24.99836437638236
1415171364669	36.822138473852725	13.142861526147279	50.035
1415171379688	36.78807726834458	13.234408717854038	49.97751401380138
1415171394637	36.62508459848099	13.351539732853595	50.023375668665416
1415171409638	36.760480089287945	13.19119562611543	50.048324284596625
1415171424653	36.7923033956098	13.195128141975239	50.01256846241496
1415171439631	36.94509905153678	13.061577407269468	49.99332354119375
1415171454606	36.76593190382499	13.204907914610331	50.02916018156468
1415171469638	36.781178430147826	25.688013085656173	37.530808484196
1415171484622	36.857419171960714	13.144275969523541	49.998304858515745
1415171499653	36.897990456123985	13.051228545173153	50.05078099870286
1415171514615	36.74776568187308	13.257245343498383	49.99498897462854
1415171529669	36.85689274250698	13.128921329081464	50.01418592841156
1415171544653	36.83714647812166	13.137867759287126	50.024985762591214
1415171559646	36.954421270073965	13.048913619541189	49.996665110384846
1415171574606	36.54957351187746	13.437918983619838	50.0125075045027
1415171589638	36.863849139582534	25.605367275239168	37.5307835851783
1415171604669	36.85090733606796	13.136618443986592	50.012474219945446
1415171619591	36.875359947917104	13.087822912595904	50.03681713948699
1415171634637	36.545307510817274	13.430419940848786	50.02427254833394
1415171649638	36.79743461602532	13.152618660479746	50.049946723494934
1415171664669	36.87150372241536	13.141802970891334	49.986693306693304
1415171679653	36.81168111813555	13.13747214784906	50.05084673401539
1415171694645	36.78325520985105	13.218412346178837	49.998332443970114
1415171709638	36.76877207009127	13.222070370637724	50.009157559271
1415171724622	36.87369062424359	13.12716946157029	49.999139914186124
1415171739638	36.941619397452875	13.009234304764647	50.04914629778248
1415171754653	36.58929077659379	13.424000849053222	49.986708374352986
1415171769614	36.980242553475044	38.019757446524956	25.0
1415171784653	36.60254967191109	13.361550692315255	50.03589963577365
1415171799614	36.963039459000285	13.036960540999715	50.0
1415171814622	36.74543089647812	13.218702262015519	50.03586684150636
1415171829638	36.61136651342528	13.338664164043621	50.0499693225311
1415171844606	36.887788283555956	13.123945150478384	49.98826656596566
1415171859622	51.345698763456994	23.5784846118868	25.075816624656206
1415171874685	53.817423926636096	21.144086545303562	25.038489528060342
1415171889637	36.455211455211455	25.985563040277263	37.55922550451128
1415171904623	36.84438701071324	13.162337543818602	49.99327544546816
1415171919614	36.993478206548446	13.005687959818033	50.00083383363352
1415171934623	36.78431176367593	13.168183142832255	50.047505093491814
1415171949630	36.941401857481985	13.056930475250994	50.00166766726702
1415171964653	36.888095853518216	13.08938503653831	50.022519109943474
1415171979661	36.79848744815179	13.20151255184821	50.0
1415171994684	36.683529979531045	13.290676237602689	50.025793782866266
1415172009685	36.66616586538461	25.792944692692195	37.54088944192319
1415172024684	36.84860006336819	13.138911562755403	50.01248837387641
1415172039638	36.871736360380766	13.078201910908085	50.05006172871115
1415172054638	36.785538592380746	13.216109424489943	49.99835198312931
1415172069653	36.87497394421978	13.085886029140191	50.03914002664003
1415172084629	41.32500249592332	21.162503334689056	37.51249416938762
1415172099638	49.31045408307902	13.126947220741876	37.5625986961791
1415172114653	46.169301053754836	16.311513132059353	37.51918581418581
1415172129645	37.01929884473467	12.981534933280273	49.99916622198506
1415172144653	36.85013633066231	13.113215660806645	50.036648008531046
1415172159629	36.97931850173665	13.02068149826335	50.0
1415172174638	36.80117363652277	13.19298486281943	50.0058415006578
1415172189669	36.81093507921435	13.16156083595073	50.027504084834916
1415172204653	36.806169237182154	13.195506732717838	49.99832403010001
1415172219676	36.97931850173665	13.019850270706499	50.00083122755685
1415172234622	36.552074908490575	13.452134509954796	49.99579058155463
1415172249638	36.90268951099043	13.062347782563123	50.03496270644645
1415172264653	36.7784373228399	13.205702534458169	50.01586014270193
1415172279692	36.96713255259957	13.036192136541992	49.996675310858436
1415172294669	36.73323049985409	13.257588756338741	50.00918074380717
1415172309624	36.78555364906962	38.16528856140688	25.049157789523502
1415172324684	36.84807350770847	13.120178551090873	50.031747941200656
1415172339653	36.81160628673865	13.139165348013215	50.04922836524813
1415172354645	36.70779701631624	13.279722121006536	50.01248086267722
1415172369669	36.79843907645357	13.178210696575633	50.0233502269708
1415172384669	36.79168994005886	13.209143393274474	49.99916666666667
1415172399622	36.889455867393735	13.073807757314718	50.03673637529155
1415172414653	36.78472071831948	13.203571796275682	50.01170748540484
1415172429582	45.55714737876693	16.902871279192688	37.539981342040385
1415172444622	49.44050696239473	13.037830840534326	37.521662197070945
1415172459607	49.38205802991439	13.07539770175606	37.54254426832955
1415172474669	45.3829157460291	17.08372187430657	37.53336237966433
1415172489622	36.83640032351396	13.126857049588423	50.03674262689761
1415172504653	36.79336420267164	13.209092315651986	49.997543481676374
1415172519614	36.95424030917359	13.044924073479777	50.00083561734663
1415172534637	36.78395730842992	13.192717530752894	50.02332516081719
1415172549638	36.85113613646965	25.592200974389627	37.556662889140725
1415172564575	36.86360831790818	13.137309902829642	49.99908177926218
1415172579669	36.88256037882135	13.070025013392694	50.04741460778595
1415172594669	36.33107607219904	13.668884800261843	50.00003912753912
1415172609653	36.91499562262893	13.020769193174601	50.06423518419647
1415172624645	36.96831524995008	13.03168475004992	50.0
1415172639653	36.8566444947046	13.120837113976599	50.022518391318805
1415172654645	36.91537072630904	13.0854630517059	49.99916622198506
1415172669638	36.862313034188034	13.090216452031335	50.04747051378063
1415172684653	36.85012743415902	13.162360911717386	49.987511654123594
1415172699691	36.953805660597375	13.045363111845774	50.00083122755685
1415172714622	36.551545875996396	13.455154966651577	49.99329915735203
1415172729638	36.83145393673901	25.62440385847097	37.54414220479002
1415172744685	36.83232040283787	25.66179794146246	37.50588165569967
1415172759684	36.83869305383548	13.119720807190497	50.041586138974026
1415172774669	36.81063953973151	13.208507136606165	49.98085332366232
1415172789653	36.82249237581986	13.164160053438017	50.01334757074212
1415172804614	36.89142781117736	13.110243200118674	49.99832898870397
1415172819637	36.91489716880342	13.07427527256118	50.0108275586354
1415172834622	36.58951015750589	13.412137323308258	49.99835251918585
1415172849622	36.81898140042851	13.144353601239828	50.03666499833166
1415172864638	36.82356174880684	13.164784847324789	50.01165340386837
1415172879653	36.858998407656586	13.102687350201258	50.03831424214216
1415172894645	36.850469700373594	13.149530299626406	50.0
1415172909607	36.8315195620243	25.66016518250928	37.50831525546642
1415172924622	36.7273514665956	13.284290224158035	49.988358309246365
1415172939653	36.872030012505206	13.077167832372737	50.05080215512206
1415172954629	36.70796548539287	13.292880736059196	49.999153778547935
1415172969684	36.86284002036575	13.11463219712234	50.02252778251191
1415172984638	36.797348058935725	25.699382003438636	37.50326993762564
1415172999653	36.8588674714867	13.103632528513302	50.0375
1415173014614	36.91497416525914	13.084192002782046	50.000833831958815
1415173029670	36.65493779808558	13.325059528753279	50.020002673161144
1415173044669	36.822225742706344	13.178593437224777	49.99918082006888
1415173059655	36.87340201377495	13.106568604092317	50.02002938213273
1415173074684	35.509530241632895	14.49875873089811	49.991711027469
1415173089669	36.813676866523856	13.14797901062743	50.03834412284871
1415173104638	36.78563991503894	13.205213724304762	50.009146360656295
1415173119672	36.85052224758034	13.120354901959857	50.02912285045981
1415173134669	36.73134166576338	13.26115683393656	50.00750150030006
1415173149622	36.798572548234866	13.163013810886149	50.038413640878986
1415173164622	36.740897431626635	38.207519398572074	25.051583169801294
1415173179637	45.234978782295514	17.22085323285991	37.54416798484458
1415173194638	57.70448109278694	17.233015582092875	25.062503325120183
1415173209638	36.59813582778917	13.339364172210828	50.0625
1415173224637	36.90176742016625	13.108233246544863	49.989999333288885
1415173239607	36.888184774451766	13.079270618205577	50.03254460734266
1415173254638	36.824614154471476	13.189474484387333	49.98591136114119
1415173269637	36.88923723443285	13.109956906537413	50.00080585902974
1415173284669	36.83145393673901	13.106079738927626	50.062466324333364
1415173299607	36.74136321195145	13.250364536659639	50.00827225138891
1415173314653	36.46925569038319	13.502462196038984	50.02828211357782
1415173329676	32.172754154345924	17.84055876584312	49.986687079810956
1415173344669	30.732756106300883	31.74389966639304	37.523344227306076
1415173359668	30.26903587144953	19.744291635266038	49.98667249328443
1415173374638	36.46131805157593	13.490278111081821	50.04840383734225
1415173389653	36.83776076842263	13.189712091695405	49.97252713988196
1415173404629	36.908906174525704	25.59276483677033	37.49832898870397
1415173419669	36.783870994638676	13.155443224492217	50.06068578086911
1415173434638	39.39744785766642	23.083427486683497	37.51912465565008
1415173449606	49.297947204295696	13.158025895562737	37.54402690014157
1415173464623	49.415292353823084	13.055511030222362	37.529196615954554
1415173479614	49.41486127422807	13.083471947512578	37.50166677825935
1415173494607	49.317626657996314	13.147315139573806	37.53505820242988
1415173509622	49.349230833368075	13.143276659139417	37.50749250749251
1415173524637	49.25911426881783	13.19503319866297	37.5458525325192
1415173539638	49.30553239737219	13.19197859035205	37.50248901227576
1415173554653	48.920539730134934	13.509460269865066	37.57
1415173569661	37.09265042681657	25.394022459169967	37.513327114013464
1415173584715	36.820059340275755	13.15417431887711	50.025766340847134
1415173599638	36.874153130698076	13.143435483939584	49.98241138536234
1415173614638	36.785467387411394	13.163717968076696	50.05081464451191
1415173629675	36.66880461129668	38.31620742177682	25.014987966926505
1415173644684	36.80781217535841	13.184720671841504	50.00746715280009
1415173659638	36.8511271656967	13.152229908859397	49.9966429254439
1415173674637	34.79162502498501	15.169214080294886	50.039160894720105
1415173689638	36.83223289315726	13.185229977725456	49.98253712911728
1415173704591	36.849908379143756	13.09834375532202	50.051747865534225
1415173719622	36.88440535245321	13.103910392299234	50.01168425524756
1415173734653	36.75540765391015	13.1962829871838	50.04830935890605
1415173749629	36.967306746266665	13.030191752832806	50.00250150090053
1415173764727	36.82769833106606	25.626687478375743	37.5456141905582
1415173779607	41.61812406232451	20.887867856428002	37.494008081247486
1415173794637	48.83015850540151	13.54486283976425	37.62497865483424
1415173809669	37.03286807744259	25.151926061947485	37.81520586060992
1415173824638	36.731719100094125	13.231565911151336	50.03671498875454
1415173839669	36.87497394421978	13.124977257850063	50.000048797930155
1415173854669	45.27030399840263	4.6921968610946365	50.03749914050273
1415173869622	49.24481383200654	0.7318375752827961	50.02334859271066
1415173884622	49.382304674158426	0.5676694666490505	50.05002585919252
1415173899622	49.37098266763375	0.617389793238722	50.01162753912753
1415173914688	49.18042344788526	0.7971037441267228	50.02247280798802
1415173929638	49.3621385451756	0.6279233262002748	50.00993812862413
1415173944638	49.28575593259868	0.6350560446214644	50.07918802277985
1415173959575	49.401347385272146	0.6004111601111859	49.99824145461667
1415173974622	49.390284533884184	0.5472833750894281	50.06243209102639
1415173989591	49.31044258413101	13.157860387823035	37.531697028045954
1415174004638	49.40113276694986	0.5348036340200508	50.06406359903009
1415174019606	49.3763132441717	0.6253711401343907	49.99831561569391
1415174034607	49.332089676538196	0.64623798427818	50.021672339183624
1415174049590	49.198409323962686	0.7991083084949224	50.00248236754239
1415174064638	49.36489559300011	25.598499826269006	25.036604580730888
1415174079622	49.3875849418435	0.6124150581565075	49.99999999999999
1415174094622	49.31075554519028	0.6409286376606573	50.04831581714906
1415174109654	49.34304865441692	0.671891914979561	49.98505943060352
1415174124622	49.253582139286905	0.6938386731283046	50.05257918758479
1415174139590	49.40850847429367	0.6148970063097181	49.97659451939661
1415174154638	32.44112062360505	17.513139083548737	50.045740292846205
1415174169700	24.154991753985573	25.845757618361198	49.99925062765323
1415174184669	23.53063793951623	26.446828838505027	50.02253322197875
1415174199669	24.346586408997307	25.66841359100269	49.985
1415174214669	24.3111777444611	25.637987199868512	50.05083505567038
1415174229715	24.336161831071365	38.143071179367176	37.52076698956146
1415174244686	24.334972080095486	25.622414608336577	50.04261331156794
1415174259638	24.337295095649853	25.660278423879532	50.00242648047062
1415174274653	23.472237273159223	26.476126348549165	50.05163637829161
1415174289629	35.05411948717522	27.43254006458571	37.51334044823906
1415174304695	26.388091493805284	36.127639384966564	37.484269121228145
1415174319637	36.849345906600966	25.618109257213042	37.53254483618599
1415174334638	36.84926590266011	25.59645971069422	37.55427438664567
1415174349669	36.837234122385	25.655224838098725	37.507541039516276
1415174364700	36.833269617539024	25.66259624181349	37.50413414064749
1415174379653	36.90081298095803	25.59250118668031	37.50668583236166
1415174394614	36.90247132612009	25.597528673879907	37.5
1415174409649	36.65690369606097	25.78401776107514	37.55907854286389
1415174424638	36.690923977976254	38.291521295444205	25.01755472657954
1415174439637	36.81935537603065	25.685646679661957	37.49499794430739
1415174454638	36.823499003643576	25.634837107282365	37.54166388907406
1415174469560	44.220071947238694	30.72831713282047	25.051610919940835
1415174484590	49.1543084835905	38.32567815069255	12.52001336571695
1415174499654	53.40776924866248	34.061486947053794	12.53074380428372
1415174514575	61.71192671305717	25.729542258865685	12.55853102807715
1415174529622	39.51976320734323	47.92195464502594	12.558282147630825
1415174544703	36.886151902731726	25.57812883118512	37.535719266083156
1415174559617	36.9140625	25.5859375	37.5
1415174574621	36.81814771277793	25.661025396319005	37.520826890903066
1415174589607	36.88400903717413	25.627681039397388	37.48830992342848
1415174604642	36.87226210503523	25.591933009944412	37.535804885020355
1415174619607	36.902270434325835	25.59607238338367	37.501657182290494
1415174634627	36.807608704704634	25.647451215401894	37.54494007989347
1415174649653	36.62086904325207	25.848275963027476	37.53085499372045
1415174664629	36.96839966017558	25.530766506190908	37.500833833633514
1415174679700	36.864022874811944	25.600233907718334	37.53574321746972
1415174694622	36.7439798589794	25.72507357250523	37.53094656851537
1415174709685	36.6186190175695	25.888821461239964	37.492559521190536
1415174724591	36.7378341988844	25.731176725971828	37.53098907514377
1415174739626	36.92908078782483	25.588382598769336	37.482536613405834
1415174754607	36.82361091403818	25.608871081160544	37.56751800480128
1415174769626	36.72210724052232	25.79537062085327	37.48252213862441
1415174784622	36.889144323113186	25.556702991211033	37.55415268567578
1415174799642	36.90143663545479	25.630174553181632	37.468388811363575
1415174814654	36.88775254424224	25.57139061684599	37.54085683891177
1415174829606	48.18134115158128	26.75285780125777	25.065801047160953
1415174844638	49.38926978632763	25.61406971354208	24.99666050013029
1415174859591	49.36147836538461	25.585856617561955	25.05266501705343
1415174874653	49.38434915722391	25.602351213134153	25.01329962964194
1415174889582	38.32276368491322	36.66470373036651	25.01253258472027
1415174904622	36.87558887045267	25.614382793711954	37.51002833583538
1415174919607	36.941004006363535	25.529812643619785	37.52918335001668
1415174934637	36.7923033956098	25.70017567897475	37.50752092541545
1415174949638	36.824614154471476	50.631227949839314	12.544157895689212
1415174964591	36.88611196618884	25.633197037215936	37.48069099659522
1415174979591	36.9215619184324	25.52174291353517	37.55669516803243
1415174994659	36.87687737662359	25.606489640196173	37.51663298318024
1415175009662	36.614833034560384	25.900148123197923	37.48501884224169
1415175024638	36.745766107155674	25.740893444605263	37.51334044823906
1415175039653	36.8630162088324	25.5911687155172	37.5458150756504
1415175054614	36.72818428635674	25.77348672493929	37.49832898870397
1415175069679	37.00342408829494	25.457550005470267	37.53902590623479
1415175084621	36.79544333018292	25.711249214322493	37.49330745549459
1415175099620	36.86249031709938	25.59081404227293	37.54669564062769
1415175114621	36.818761619715374	25.639600295297434	37.54163808498719
1415175129636	36.58713123346478	25.892915388357963	37.519953378177256
1415175144652	36.750684885880105	25.70517949895111	37.544135615168784
1415175159636	36.81003614146085	25.68409838186458	37.50586547667457
1415175174622	36.70352160131779	25.757328520579293	37.53914987810292
1415175189636	36.81649752971024	25.623479179918164	37.560023290371596
1415175204622	36.864089464312464	25.65929321721824	37.476617318469295
1415175219621	36.7830174526179	25.643644324833936	37.573338222548166
1415175234636	36.78470479350971	25.721927655728187	37.4933675507621
1415175249620	36.60387405977501	25.825325415225286	37.570800524999704
1415175264636	36.90176112177615	25.56907909377167	37.52915978445218
1415175279621	36.85052224758034	25.631151926593844	37.51832582582582
1415175294636	36.823868463575934	25.61698484977738	37.559146686646685
1415175309621	36.86338925391055	38.138292427771134	24.99831831831832
1415175324636	36.715691989939536	25.725987552266375	37.55832045779409
1415175339636	36.7922168867547	25.70194178843621	37.50584132480909
1415175354621	36.845085906073805	25.614064911410345	37.54084918251585
1415175369667	36.723548920677935	25.74238975350032	37.534061325821746
1415175384699	36.830621116977866	50.651027809756215	12.51835107326592
1415175399667	36.83368070029179	25.633776570360425	37.53254272934779
1415175414621	37.799019075390824	37.203475185001196	24.997505739607977
1415175429605	49.27360170408214	25.623232919072333	25.103165376845528
1415175444620	49.172132926076145	25.789520368910484	25.03834670501337
1415175459608	49.37678892365041	25.604068254260156	25.019142822089435
1415175474605	49.32379475378125	25.61869374391829	25.05751150230046
1415175489639	38.43046787814181	36.5379055155595	25.03162660629869
1415175504621	36.87695741987073	25.558854732547744	37.56418784758153
1415175519654	36.91416183766207	25.545041200549214	37.540796961788715
1415175534668	36.85035562114883	25.653784008806554	37.49586037004462
1415175549636	36.74061476127354	25.713530549279945	37.545854689446514
1415175564667	36.74734847225455	25.720162727210614	37.532488800534836
1415175579605	36.87886449545648	25.606058107237345	37.51507739730617
1415175594621	36.77136401157313	25.72278721453206	37.50584877389481
1415175609636	36.615940761471634	25.838245885215017	37.54581335331335
1415175624636	36.68470355501251	25.74623633587965	37.56906010910784
1415175639621	36.82165684922923	25.700017239850837	37.478325910919935
1415175654651	36.81926827846394	25.634085034889374	37.54664668664669
1415175669621	36.90187348357888	25.608149038943644	37.489977477477474
1415175684667	36.90433685119527	25.563257590659468	37.532405558145264
1415175699637	36.920323489809405	25.549607051838315	37.53006945835228
1415175714589	36.61942510741765	25.873133747585022	37.50744114499733
1415175729605	36.7037268373933	25.753765114241993	37.54250804836471
1415175744667	36.81753382631241	38.156624592833545	25.025841580854042
1415175759668	36.81311366283907	25.630207992149252	37.556678345011676
1415175774620	36.7321047008547	25.773768775212126	37.494126523933176
1415175789668	30.28273314251481	32.16241149383093	37.554855363654255
1415175804607	36.950022069907476	38.01407963040363	25.035898299688895
1415175819620	43.984627056047884	30.94709878155952	25.068274162392594
1415175834636	49.33630163256458	25.613672426914896	25.050025940520527
1415175849621	41.32390584743148	25.948366424840785	32.72772772772773
1415175864605	36.91496539143906	25.551707017838794	37.533327590722145
1415175879652	36.91425140913184	25.554951698907416	37.53079689196074
1415175894620	36.65583874729302	25.851675520553847	37.492485732153135
1415175909621	36.859681704239776	38.10201370987404	25.038304585886184
1415175924636	36.66669446088936	25.801626384931488	37.53167915417915
1415175939652	36.833610648918466	25.63476218497513	37.531627166106404
1415175954605	36.79690173526196	25.684748424070783	37.518349840667256
1415175969605	36.64251207729469	25.787487019593172	37.57000090311214
1415175984620	36.83503985591835	25.60752052500777	37.557439619073875
1415175999652	36.83912732355927	25.657526945947254	37.50334573049348
1415176014621	36.78431176367593	25.658115134187412	37.55757310213666
1415176029651	36.88663563829787	25.607550605195065	37.50581375650707
1415176044652	36.84755817353887	25.595694733073977	37.55674709338715
1415176059622	36.793670622527586	25.67795352794873	37.528375849523684
1415176074620	36.84965314834579	25.652855178638106	37.49749167301611
1415176089621	35.597568085283584	26.848265914671977	37.55416600004444
1415176104621	36.85026764720597	25.617232352794034	37.5325
1415176119636	36.902996884839	25.552016435174323	37.54498667998668
1415176134636	36.836631109483946	25.657576805270004	37.50579208524605
1415176149636	36.836658041899675	25.607438959047208	37.55590299905312
1415176164684	36.86469880018267	38.08542492399418	25.049876275823145
1415176179636	36.847696078021364	38.12559275588547	25.026711166093165
1415176194654	36.826093461672734	25.633952374602515	37.53995416372475
1415176209589	39.25939541801046	35.72474707523139	25.015857506758145
1415176224605	49.22037681787136	25.702968946646486	25.076654235482152
1415176239589	49.42718495172345	25.560307929572154	25.0125071187044
1415176254574	49.36322974537519	25.625085236273126	25.01168501835168
1415176269621	49.34029709465014	25.59656242283902	25.06314048251084
1415176284638	49.453857185738585	25.548633769371524	24.997509044889892
1415176299622	49.39883861803902	25.55022946311407	25.050931918846906
1415176314607	49.311287874997916	25.677025380863395	25.01168674413869
1415176329606	41.75661269904724	33.17754957843792	25.06583772251484
1415176344607	36.91582940759578	38.07417125902644	25.009999333377774
1415176359668	36.929464026238215	25.53649533169999	37.5340406420618
1415176374607	36.83484166680607	25.66265149739263	37.5025068358013
1415176389638	36.91487589538564	25.539295250252906	37.54582885436145
1415176404656	36.83640032351396	25.652720062701178	37.51087961378486
1415176419606	36.876561719140426	25.57169645892744	37.55174182193213
1415176434638	36.832100844539674	25.704530727458774	37.46336842800155
1415176449638	36.64145662929584	25.798536251999764	37.5600071187044
1415176464641	36.798045575446295	25.71862130890105	37.483333115652655
1415176479622	36.828212174202676	25.620046971625612	37.55174085417171
1415176494654	36.80438939230194	25.690653580024374	37.50495702767368
1415176509622	36.89147649437	25.56257073790637	37.54595276772363
1415176524653	36.754001698952315	25.75346369878882	37.492534602258864
1415176539613	36.94071541732677	25.558449021175903	37.500835561497325
1415176554605	37.01807630736393	25.482757470651016	37.49916622198506
1415176569653	36.625623960066555	25.832751397675267	37.54162464225818
1415176584598	36.993988310139834	38.006011689860166	25.0
1415176599638	36.927502397131775	25.564164116701058	37.50833348616717
1415176614622	36.81002568121936	25.68332055610054	37.5066537626801
1415176629686	36.539548492203345	25.920558137170254	37.5398933706264
1415176644637	36.81035419155923	25.666236003076577	37.523409805364196
1415176659626	36.876473184911255	25.604363863658833	37.51916295142991
1415176674622	36.48650902177901	25.985187622639415	37.52830335558158
1415176689654	32.01584646242707	30.427504093646114	37.55664944392681
1415176704637	34.50212596001032	27.976245402450644	37.52162863753904
1415176719669	34.49046285180739	25.620399817206156	39.88913733098645
1415176734653	34.1373036671062	25.700678959252016	40.162017373641774
1415176749645	34.2724607748426	25.639492266779598	40.0880469583778
1415176764638	33.48393657991697	38.17450402569898	28.341559394384046
1415176779625	33.412160474295135	38.28998555170525	28.297853973999615
1415176794653	31.755055767659755	25.76175479878323	42.483189433557015
1415176809660	31.613359986673327	25.79485029344802	42.59178971987865
1415176824669	36.964146207676066	33.4261968803541	29.60965691196984
1415176839622	44.53107372959964	25.5911420864395	29.87778418396086
1415176854622	43.83812793759792	25.806849863858307	30.355022198543775
1415176869622	44.58199183035083	25.751342323816658	29.66666584583251
1415176884654	41.81598163989151	27.815441956820184	30.368576403288305
1415176899606	44.44768313401512	25.6341930588089	29.918123807175977
1415176914607	45.767246480692776	25.82963956822877	28.403113951078453
1415176929653	39.397599393601155	33.01093201292373	27.59146859347511
1415176944629	35.65712667893514	25.64345425055204	38.69941907051282
1415176959700	34.51807028626525	26.74155788987256	38.7403718238622
1415176974622	34.54577373538091	25.88721131836055	39.56701494625853
1415176989653	34.476929610538846	25.86331431596853	39.65975607349262
1415177004661	36.83719535557814	25.469574367236362	37.6932302771855
1415177019637	36.23426427678199	38.20570057056679	25.560035152651217
1415177034685	36.01668855238444	25.807141856972287	38.176169590643276
1415177049606	34.88877012492485	27.470559850739036	37.64067002433612
1415177064591	49.59055655984205	11.593119116367461	38.81632432379049
1415177079638	60.07410491257286	0.7734265077815152	39.15246857964563
1415177094575	60.6021433634961	0.7835138055520261	38.61434283095188
1415177109560	61.788597565547754	0.5637868184807431	37.6476156159715
1415177124559	72.08029501576866	2.828844065918478	25.090860918312867
1415177139545	74.3907208174201	0.5201175711317667	25.08916161144813
1415177154559	72.15565369552537	2.6861472893331424	25.158199015141484
1415177169622	59.08703784108747	12.859042820926721	28.053919337985807
1415177184607	46.12052480170278	15.749844216468084	38.12963098182914
1415177199669	42.92024703499662	6.395729883625023	50.684023081378356
1415177214606	43.01190773586477	6.989862014121769	49.998230250013464
1415177229669	49.33670193694708	0.5851203898096458	50.078177673243275
1415177244622	49.14127700687978	0.8596409860614287	49.99908200705879
1415177259638	49.40298507462686	0.5628952158089859	50.03411970956415
1415177274669	49.24516832787923	0.7547970529021555	50.00003461921862
1415177289653	47.634056249009845	2.300874343622297	50.06506940736786
1415177304582	49.46707159795316	0.5329284020468421	50.0
1415177319638	49.45301612997438	0.5519705721532802	49.99501329787234
1415177334637	49.28493490700406	0.7275383965219859	49.98752669647396
1415177349669	49.3046987027712	0.6495022944254174	50.045799002803385
1415177364654	43.96612032780332	18.517228020545033	37.51665165165165
1415177379668	11.876235023387279	38.132064784791694	49.991700191821025
1415177394671	11.7572682277586	38.21360029465953	50.02913147758187
1415177409669	11.625480917686922	38.37111771375163	50.00340136856144
1415177424700	11.787148093658828	38.16212684191959	50.050725064421584
1415177439654	11.80953017554707	38.115292725132164	50.07517709932077
1415177454653	11.83604454550755	38.213958788048025	49.94999666644443
1415177469692	11.98001249219238	38.02165162283126	49.99833588497637
1415177484668	11.780298925502029	38.19552151206467	50.024179562433304
1415177499671	11.875489363119929	38.08371126579144	50.04079937108863
1415177514674	11.705417955365851	38.37038598262105	49.9241960620131
1415177529625	15.978832456899422	46.446139248326496	37.57502829477408
1415177544653	24.349793002136753	38.164315489256744	37.48589150860651
1415177559661	24.454217579982842	38.04578242001716	37.5
1415177574668	24.282525775771607	38.203315053589755	37.51415917063864
1415177589686	24.271828487185683	38.19154713062636	37.53662438218795
1415177604653	24.346744781886617	50.6515848766956	25.001670341417785
1415177619645	24.335332333833083	50.66466766616692	25.0
1415177634693	24.322165741811496	38.1512576712833	37.526576586905215
1415177649654	24.27090462915046	38.216562786129266	37.51253258472027
1415177664668	24.37614526070298	38.11469839455389	37.509156344743126
1415177679623	31.04274303266032	43.870485140347185	25.086771826992493
1415177694614	36.90175064900486	38.05826628477718	25.039983066217957
1415177709638	36.86253234287622	38.125791273078484	25.011676384045295
1415177724638	36.68300313693512	38.304522670590686	25.012474192474194
1415177739637	36.78676924617413	38.199870668901895	25.013360084923974
1415177754669	36.79429535500278	38.16911603403394	25.03658861096328
1415177769638	32.50837629404344	42.44068509950321	25.05093860645334
1415177784653	24.310952297658613	50.66236593687704	25.02668176546435
1415177799660	23.79266687767579	38.707333122324215	37.5
1415177814638	24.179965647772942	38.325055055483624	37.49497929674343
1415177829638	24.375703506065786	38.13180277924972	37.49249371468449
1415177844669	24.337884725793167	38.116343625799296	37.54577164840753
1415177859653	24.347151167157676	38.16117593730931	37.491672895533014
1415177874644	24.294989179290827	38.20417698707566	37.500833833633514
1415177889685	22.402875662542332	40.02311736085318	37.574006976604494
1415177904653	24.26728310578496	38.23940451542818	37.49331237878687
1415177919676	13.904344639168386	48.59648741834343	37.499167942488185
1415177934669	24.31046558164354	38.20537514402844	37.48415927432802
1415177949653	24.308033481175176	38.16110107235428	37.53086544647055
1415177964645	24.40225210615171	38.09691494922245	37.50083294462584
1415177979638	24.349814709711882	38.1268535906409	37.52333169964722
1415177994622	24.215900194879826	38.27827270065319	37.50582710446699
1415178009690	24.067723426692464	38.428114601159095	37.50416197214844
1415178024637	24.29166387903927	50.6983015574842	25.010034563476523
1415178039701	21.35649571939157	41.09118674363769	37.55231753697073
1415178054657	17.744264265266775	44.75743326419416	37.49830247053906
1415178069653	18.447995327297757	44.049502226123046	37.50250244657919
1415178084645	22.36095724388395	40.13987564524186	37.4991671108742
1415178099637	24.324234187663627	38.138248415388205	37.537517396948175
1415178114671	24.224604712673315	38.238751643140695	37.53664364418599
1415178129638	24.09011698198161	38.36070488077269	37.549178137245704
1415178144653	24.205181226184617	38.30059782480532	37.49422094901006
1415178159676	24.506284410165	37.99371641978997	37.49999917004504
1415178174670	24.28302264314536	38.223664222802036	37.493313134052606
1415178189642	24.335535028610934	38.15361889855875	37.51084607283032
1415178204645	24.267077897720167	50.72625676867988	25.006665333599948
1415178219654	24.400920506278453	50.53650845196665	25.0625710417549
1415178234672	24.243156132621532	38.24516195201542	37.51168191536304
1415178249637	24.164033647072554	38.33519051203624	37.5007758408912
1415178264640	24.349491920706313	38.12547543347892	37.52503264581477
1415178279638	24.41181865172661	38.079039273627274	37.50914207464612
1415178294624	24.299112125401876	38.1350481946608	37.565839679937326
1415178309637	24.44094251838511	38.0732118811353	37.485845600479585
1415178324654	24.246589034934278	38.198419958428566	37.55499100663716
1415178339653	24.371821592330136	38.13318497072281	37.494993436947055
1415178354645	31.041979010494753	43.90637925609219	25.051641733413057
1415178369726	33.000406817936515	41.95476239414566	25.044830787917817
1415178384665	24.309525995542906	38.14952765183708	37.540946352620004
1415178399638	24.40175796263494	38.10324932503982	37.494992712325235
1415178414641	24.285155046184855	38.16485756170857	37.54998739210657
1415178429659	24.363854438234533	38.08368007969159	37.55246548207387
1415178444637	24.242701564930904	38.2381895641838	37.51910887088529
1415178459685	24.363399869928458	50.63821239386953	24.998387736202012
1415178474672	24.336312700106724	38.13949075678187	37.5241965431114
1415178489673	22.9476244419271	39.485723989435606	37.56665156863729
1415178504634	24.479075468394328	38.02176003725369	37.49916449435198
1415178519684	24.428415555425993	38.07485355950904	37.49673088506496
1415178534670	24.28585722147181	38.15909406871214	37.55504870981604
1415178549654	24.331722624204033	38.16327036642828	37.50500700936769
1415178564653	24.359775140537167	38.11772157944929	37.522503280013545
1415178579645	24.46817371603725	38.034327618007566	37.49749866595518
1415178594669	24.28472667605094	38.205288358790426	37.50998496515864
1415178609638	24.15304103963743	38.329420096684245	37.517538863678325
1415178624672	24.247593213569534	50.71831915869262	25.034087627737843
1415178639669	34.86520219670494	40.07818476206171	25.056613041233344
1415178654638	36.81695529769513	38.15882173305529	25.024222969249582
1415178669638	36.87506253543675	38.12492947208109	25.00000799248216
1415178684657	36.85157421289355	38.102607778847315	25.045818008259136
1415178699638	36.85733103235542	38.11266486066718	25.0300041069774
1415178714622	36.750997559207946	38.19815664972603	25.050845791066028
1415178729653	33.58559759959993	41.38854156834188	25.02586083205819
1415178744645	24.298255843009212	38.20257793500573	37.49916622198506
1415178759684	24.50186773600446	37.959028163889045	37.5391041001065
1415178774669	24.297208867521366	38.16022801723766	37.54256311524098
1415178789655	24.360983743226345	38.15154066702653	37.48747558974713
1415178804669	24.298255843009212	50.67426478909542	25.02747936789537
1415178819653	24.30355267325742	38.164823804797216	37.531623521945356
