time	idle	user	header
1415169755423	97.32318271119843	2.6768172888015727	0.0
1415169769973	97.50034454244762	2.35260675089305	0.14704870665932857
1415169784929	98.44784162127335	1.3567936979892687	0.19536468073737645
1415169799929	98.67433862654154	1.1439947067917924	0.18166666666666667
1415169814930	98.81877318781507	0.9862398113183225	0.1949870008666089
1415169829937	98.73780503045097	1.1064343245167103	0.15576064503231826
1415169844930	98.81858930565043	0.9988254879198988	0.18258520642966716
1415169859953	98.98688617466216	0.8182047828909814	0.19490904244685814
1415169874929	98.90901828288965	0.895877661614088	0.1951040554962647
1415169889898	76.13760450790635	23.797195545591045	0.06519994650260799
1415169904899	74.64324734572689	0.3709042259300084	24.9858484283431
1415169919898	74.70398546799876	0.2826803097197512	25.013334222281486
1415169934898	74.65821857359333	0.3551147597400046	24.986666666666665
1415169949899	74.55788552132405	0.40458850749000064	25.037525971185946
1415169964898	74.73380767500375	0.2778659991899417	24.988326325806312
1415169979898	74.70232399464142	0.28601555428417313	25.01166045107441
1415169994899	74.39295071844595	0.6228815594021988	24.984167722151856
1415170009898	74.5777837084977	0.4080486803282177	25.014167611174077
1415170024898	74.66248874962498	0.35167791704168394	24.985833333333332
1415170039898	74.68469369054165	0.3036338036191779	25.011672505839172
1415170054899	74.47422164798067	0.5407698605769014	24.98500849144243
1415170069898	74.46610028319174	0.5197169763691036	25.01418274043916
1415170084898	74.66844496311424	0.34570660854265967	24.9858484283431
1415170099899	74.68811200466686	0.3010553841738819	25.010832611159255
1415170114898	74.68494749124855	0.3267261829451371	24.988326325806312
1415170129898	73.50411710887465	1.484236647118955	25.011646244006393
1415170144883	74.55764947318367	0.4573655418313436	24.984984984984983
1415170159883	74.69144027849492	0.29605972150507753	25.0125
1415170174898	74.69754868423249	0.3157713290875286	24.986679986679984
1415170189883	74.60363696891515	0.3846846860731681	25.011678345011678
1415170204898	74.64873243662183	0.3637612922863305	24.987506271091842
1415170219898	74.65488082245419	0.3334587264714024	25.01166045107441
1415170234898	74.66265742653428	0.35150924013238694	24.985833333333332
1415170249899	74.41571544112129	0.5601052677061062	25.0241792911726
1415170264898	74.70595590380528	0.3057177703884122	24.988326325806312
1415170279898	74.65635237531572	0.3319871736098712	25.01166045107441
1415170294899	74.65869880482072	0.35713347302742804	24.984167722151856
1415170309898	74.61908647361497	25.38091352638503	0.0
1415170324883	74.64044662944754	0.3745523706191243	24.985000999933337
1415170339898	74.6321816124093	0.35448416530921634	25.013334222281486
1415170354898	74.62275259083583	0.3913989808210694	24.9858484283431
1415170369899	74.42178231020462	0.5548983977623898	25.02331929203299
1415170384898	74.7109393222485	0.3007405816425681	24.988320096108925
1415170399898	74.70154919120039	0.28679657331746355	25.01165423548215
1415170414873	72.35426736437527	2.6691064836279317	24.976626151996793
1415170429902	74.03480197443866	0.9493957423109478	25.015802283250387
1415170444901	74.34553225591024	0.6661355219860674	24.98833222210369
1415170459902	74.39132101254854	0.5970126540959022	25.011666333355553
1415170474901	64.2180607573866	10.807772964861556	24.97416627775185
1415170489928	60.01265422334704	15.10055571442539	24.88679006222757
1415170504898	62.09785186917449	12.892133439759135	25.010014691066374
1415170519908	62.08689998916459	12.917263901574913	24.995836109260495
1415170534899	62.21012620242402	12.789039963942468	25.00083383363351
1415170549898	62.08040544483067	12.905426943995256	25.014167611174077
1415170564898	62.05193139125147	12.963083623763545	24.984984984984983
1415170579899	54.36776725236822	20.62057851214963	25.01165423548215
1415170594898	56.42027560695183	18.59222522643706	24.98749916661111
1415170609898	61.97293358317718	13.02705307014281	25.00001334668001
1415170624899	62.04753961634696	12.929116206142197	25.023344177510843
1415170639898	62.01961944608819	13.005382220689594	24.974998333222214
1415170654898	62.161486542788104	12.826859221729745	25.01165423548215
1415170669898	62.07957188226763	12.935443132747388	24.984984984984983
1415170684899	62.15027611424383	12.838057219089503	25.011666666666667
1415170699898	62.16642072880975	12.845246715686553	24.9883325555037
1415170714898	62.091917063052406	12.896428701465442	25.01165423548215
1415170729899	60.630282218406705	14.385550059441439	24.984167722151856
1415170744898	62.14892553723138	37.85107446276862	0.0
1415170759903	52.325290765488056	22.67137367747392	25.003335557038024
1415170774899	61.514611012018875	13.49205076934146	24.993338218639664
1415170789898	62.16621787229786	12.845449572198444	24.9883325555037
1415170804898	62.131069700024156	12.857263633309177	25.011666666666667
1415170819908	62.158042051247875	12.84695961597453	24.994998332777595
1415170834899	62.19394303048485	12.803555301736626	25.00250166777852
1415170849898	62.00865714214226	13.00384369124663	24.98749916661111
1415170864898	61.77785920700883	13.210486557509018	25.01165423548215
1415170879899	62.05734964271122	12.957665372303794	24.984984984984983
1415170894898	62.1171632410113	12.868669147814625	25.014167611174077
1415170909898	62.179658302189	12.836173975659147	24.984167722151856
1415170924898	62.13694933324449	12.8497306534355	25.013320013320012
1415170939899	62.1799628169108	12.84836862765956	24.971668555429638
1415170954898	62.17157328268439	12.814243976876448	25.01418274043916
1415170969898	61.980646935764824	13.034352064301839	24.985000999933337
1415170984899	62.13127181546305	12.857073949054797	25.01165423548215
1415170999898	62.20318217051033	12.808491503683356	24.988326325806312
1415171014898	62.20454072068319	12.785454607622917	25.010004671693892
1415171029899	62.123485189445084	12.890666382211815	24.9858484283431
1415171044882	72.63876743701853	27.308672995471625	0.052559567509844494
1415171059883	87.13687756395291	12.837290824821174	0.02583161122591827
1415171074883	87.15872262074367	12.841277379256326	0.0
1415171089898	66.60528442752035	33.38139555915964	0.01332001332001332
1415171104898	62.16076677741971	12.827566555913624	25.011666666666667
1415171119909	62.219685164043035	12.78531650317937	24.994998332777595
1415171134898	62.196158847654296	12.800508929753239	25.003332222592466
1415171149898	62.15170988256278	12.86163768817935	24.986652429257873
1415171164898	62.108789121087895	12.88037826775285	25.010832611159255
1415171179899	62.1927835395338	12.8213680321231	24.9858484283431
1415171194898	62.0944223173963	12.891402061818692	25.014175620785007
1415171209898	61.969494915819304	13.057982885636925	24.97252219854377
1415171224925	62.13504181054208	12.870787248148215	24.994170941309708
1415171239898	62.19896860762029	12.796861667915103	25.00416972446461
1415171254898	62.199413000700396	12.81392033263294	24.986666666666665
1415171269898	62.20830487865816	12.792541774688491	24.999153346653348
1415171284899	62.07743956281968	12.912561103802549	25.009999333377774
1415171299898	62.17029828467548	12.841375389518205	24.988326325806312
1415171314898	62.23290776359212	12.755431785333474	25.01166045107441
1415171329899	60.95484795229091	14.06015905524993	24.98499299245916
1415171344898	61.974732101905516	13.011940780293735	25.01332711780075
1415171359898	62.12195670462023	12.891376628713104	24.986666666666665
1415171374899	60.48163244892345	14.521700662202477	24.996666888874074
1415171389898	62.19184016929524	12.820660664093651	24.98749916661111
1415171404898	62.09805130940672	12.88944869059328	25.0125
1415171419898	62.153312949370566	12.860853717296102	24.985833333333332
1415171434899	62.24457481916063	12.74375306386316	25.011672116976207
1415171449898	61.93304895524378	13.06777732916808	24.999173715588142
1415171464898	62.070374385057946	12.917947269930377	25.011678345011678
1415171479899	62.17726156279922	12.837730445725022	24.98500799147576
1415171494898	62.06876417990124	12.94207521544309	24.989160604655673
1415171509908	62.17494877475887	37.82505122524113	0.0
1415171524899	62.09665315923758	12.926695740028592	24.976651100733825
1415171539898	62.14944319043138	12.837236796248611	25.013320013320012
1415171554898	62.17892604356852	12.83442152717361	24.986652429257873
1415171569898	61.968182575378975	13.020995634530461	25.010821790090564
1415171584899	62.1814424054536	12.83355659461306	24.985000999933337
1415171599898	62.15720902335811	12.841122418943169	25.001668557698725
1415171614898	62.20108061234699	12.814751665501152	24.984167722151856
1415171629899	62.14537309207184	12.867960241261493	24.986666666666665
1415171644898	62.10514026485207	12.907360568536824	24.98749916661111
1415171659898	62.14219683026159	12.846981379647847	25.010821790090564
1415171674898	62.16265773199313	12.85152311552105	24.98581915248582
1415171689899	61.868831980012494	13.107846229896936	25.02332179009057
1415171704898	62.09179759164749	12.919869852848809	24.9883325555037
1415171719898	62.20381910887459	12.784514224458743	25.011666666666667
1415171734899	62.21095977193538	12.804039228131284	24.985000999933337
1415171749898	62.170627879272566	12.816037898445948	25.013334222281486
1415171764883	62.09661288171756	12.917567965796618	24.98581915248582
1415171779898	62.17546665333966	12.812045834172824	25.012487512487514
1415171794898	62.07701478103559	12.936318552297749	24.986666666666665
1415171809899	61.96990652025395	13.019249302235206	25.010844177510844
1415171824898	62.14645938398699	12.878515640988034	24.975024975024972
1415171839898	62.19048888592662	12.79950110406337	25.01001001001001
1415171854898	62.21168193526337	12.799973076391641	24.988344988344988
1415171869899	61.93074833786013	13.059252328762096	25.009999333377774
1415171884898	61.846174364616935	13.152150847986952	25.001674787396112
1415171899898	55.46429196204693	19.537366713143978	24.998341324809093
1415171914899	56.2742744745045	18.74072452556216	24.985000999933337
1415171929898	60.515686290839746	14.470979486878768	25.013334222281486
1415171944898	62.12437047660341	37.87562952339659	0.0
1415171959898	62.1358010295024	12.851698970497598	25.0125
1415171974914	62.118372277062775	12.909930866251024	24.9716968566862
1415171989899	62.19004992540361	12.798259246885785	25.011690827710602
1415172004898	62.148348258208685	12.863306753446327	24.988344988344988
1415172019898	62.127205949713925	12.861127383619408	25.011666666666667
1415172034899	62.189204062234225	12.825810952780792	24.984984984984983
1415172049925	61.97086974615065	13.0216405767355	25.007489677113853
1415172064898	62.15934313512792	12.837315957863733	25.003340907008347
1415172079898	62.165313345825524	12.821366640854464	25.013320013320012
1415172094899	62.00225065644146	13.012748343625201	24.985000999933337
1415172109898	62.263364537399035	12.736635462600965	25.0
1415172124898	62.14336290557707	12.870817941937108	24.98581915248582
1415172139899	62.17281851222033	12.803873016815366	25.023308470964302
1415172154898	62.12792537686349	12.8837482973302	24.988326325806312
1415172169898	61.997298919567825	12.991040629357766	25.01166045107441
1415172184899	62.12918700134917	12.897506358677518	24.97330663997331
1415172199898	62.20456686480313	12.783778123541865	25.01165501165501
1415172214945	62.1471367908457	12.866169043762778	24.986694165391523
1415172229923	62.19824600929565	12.806761000518087	24.99499299018626
1415172244898	62.16734796029031	12.829313141546084	25.00333889816361
1415172259883	70.39621791985591	29.57711541347742	0.02666666666666667
1415172274883	87.16120541738161	12.825461249285057	0.013333333333333334
1415172289898	70.95426689456788	29.019925579624594	0.025807525807525808
1415172304898	61.51005403940303	13.503279293930305	24.986666666666665
1415172319899	62.64204428403089	12.347945705959102	25.01001001001001
1415172334898	62.13928273561301	12.872372276042004	24.988344988344988
1415172349898	62.001106788301584	13.013893211698417	24.985
1415172364899	62.062858193119354	12.92547591793991	25.011665888940737
1415172379882	62.23554155270881	12.776138351182265	24.988320096108925
1415172394914	62.577711259498045	12.41231002842106	25.009978712080894
1415172409899	61.76021221940532	13.266488273592188	24.973299507002494
1415172424898	62.23981431591164	12.746858566287614	25.01332711780075
1415172439898	62.163651391312335	12.850522782861841	24.985825825825824
1415172454898	62.210405432394644	12.777101227612022	25.012493339993334
1415172469899	62.12969374389948	12.885321271115536	24.984984984984983
1415172484898	61.92316073553816	13.063519251141827	25.013320013320012
1415172499898	62.17944442591789	12.834722240748775	24.985833333333332
1415172514899	62.426826743945355	12.5623290785438	25.010844177510844
1415172529898	60.52731395241025	14.48516023917588	24.987525808413867
1415172544898	62.362664636971346	12.625668696361988	25.011666666666667
1415172559898	61.922007209417615	13.09132612391572	24.986666666666665
1415172574899	62.32153683878309	12.6684531512069	25.01001001001001
1415172589926	62.56244393419418	12.444210754033676	24.993345311772146
1415172604898	61.86272364634002	13.130604349389898	25.00667200427008
1415172619899	61.93949057949729	13.075524435517728	24.984984984984983
1415172634898	62.592610886100964	12.394069100579024	25.013320013320012
1415172649898	61.79300633654072	13.221167837633455	24.985825825825824
1415172664909	62.40043671372919	12.605389851115756	24.99417343515505
1415172679898	62.03504483159895	12.959946152171835	25.005009016229213
1415172694898	62.06103626683996	12.927309497677886	25.01165423548215
1415172709898	62.1895315885981	12.81213674640357	24.99833166499833
1415172724899	62.22578474777596	37.77421525222404	0.0
1415172739898	62.113462374218564	12.898205070277736	24.9883325555037
1415172754898	62.32875576342588	12.659577569907452	25.011666666666667
1415172769899	61.82696655557602	13.18804045196482	24.98499299245916
1415172784898	61.978682608659255	13.006308381663143	25.015009009677602
1415172799898	62.51549253879332	12.500332247545735	24.984175213660947
1415172814899	62.03041443850268	12.957919228141765	25.011666333355553
1415172829898	62.23828576657211	12.76088794901603	25.000826284411858
1415172844898	62.08554901731984	12.902784316013491	25.011666666666667
1415172859883	62.30293354619837	12.712081468816649	24.984984984984983
1415172874902	61.87716778782764	13.116173979267373	25.00665823290499
1415172889898	62.26845537729064	12.739050796306788	24.99249382640257
1415172904899	61.83673298288856	13.151600683755884	25.011666333355553
1415172919898	62.24174800096519	12.757425714622954	25.000826284411858
1415172934898	62.25043862931457	12.73789470401876	25.011666666666667
1415172949899	62.22690510499005	12.788109910024964	24.984984984984983
1415172964898	61.75751546930586	13.22748353062747	25.015001000066672
1415172979898	62.386003172085644	12.65562742139246	24.958369406521896
1415172994908	61.877476481281356	13.12668574667316	24.995837772045483
1415173009899	62.20106380338664	12.797268529346336	25.001667667267025
1415173024898	61.41884997765391	13.5678158000646	25.013334222281486
1415173039898	70.5491237742027	4.464209559130637	24.986666666666665
1415173054899	74.8373407597119	0.15182040109336725	25.010838839194726
1415173069898	74.60783987211084	0.4046538567973137	24.987506271091842
1415173084898	74.49787587039039	0.5037849571037718	24.99833917250584
1415173099899	70.07577953538448	4.939211973173087	24.98500849144243
1415173114898	68.9346359618516	6.064530649255808	25.000833388892595
1415173129898	72.41046866299315	2.590373066677323	24.999158270329524
1415173144898	74.11819746361677	25.881802536383233	0.0
1415173159899	74.39246684082758	0.6241987148020449	24.983334444370374
1415173174898	74.66683314604403	0.3448342984522732	24.9883325555037
1415173189898	74.79900974523295	0.18932358810038252	25.011666666666667
1415173204899	74.61635388068794	0.37198023037132444	25.011665888940737
1415173219898	74.73149094171298	0.28184328056850916	24.986665777718514
1415173234898	74.42694854300407	0.5863914636692655	24.98665999332666
1415173249898	74.70051717585632	0.2878219849828447	25.011660839160836
1415173264899	74.56626123036256	0.44873776970410617	24.985000999933337
1415173279898	74.88995879132223	0.09670698639628483	25.013334222281486
1415173294898	74.48236565807224	0.5309676752610955	24.986666666666665
1415173309899	74.75256970772945	0.23743095889277654	25.009999333377774
1415173324898	74.62925317425933	0.3824142702369677	24.9883325555037
1415173339898	57.766241990451036	17.222085503709792	25.011672505839172
1415173354899	49.759729497888785	25.254436668811213	24.985833833300003
1415173369913	49.275617043714064	25.711888339317685	25.01249461696825
1415173384899	49.44637719943801	25.56780364807617	24.98581915248582
1415173399898	49.96646212704643	25.019370261779496	25.014167611174077
1415173414907	49.373643592730076	25.63051863522444	24.995837772045483
1415173429899	49.752944699540826	25.22037256856817	25.026682731891004
1415173444898	49.53746646945273	25.462539746967913	24.999993783579356
1415173459898	49.9664371130945	25.021890381066328	25.011672505839172
1415173474910	56.597060195986934	43.38963042755735	0.01330937645571305
1415173489902	62.073300696040235	37.848240436438395	0.07845886752136752
1415173504898	49.518111497734495	25.477734050420203	25.004154451845302
1415173519898	49.608629327375944	25.365537339290725	25.02583333333333
1415173534899	49.81958162892015	25.197083926709478	24.983334444370374
1415173549898	49.346490161721675	25.638508838211653	25.015001000066672
1415173564898	49.616199709646736	25.398800290353265	24.985
1415173579908	49.8775760895728	25.125755023018808	24.996668887408394
1415173594899	49.56276257214209	25.43723742785791	25.0
1415173609910	49.40061565156457	25.57939900435442	25.019985344081007
1415173624902	50.08429194763983	24.915708052360173	25.0
1415173639898	49.37816365525795	25.628504789660695	24.993331555081355
1415173654898	49.46679592825981	25.56070407174019	24.972499999999997
1415173669925	49.32418936014382	25.68329716411252	24.99251347574366
1415173684898	50.11680888078867	24.877347266943914	25.005843852267418
1415173699925	49.438390051480916	25.569096472775424	24.99251347574366
1415173714898	49.66750764398255	25.32664850375003	25.005843852267418
1415173729899	49.34419116910857	25.645809497513657	25.009999333377774
1415173744898	48.849770119703436	26.14854886320306	25.001681017093503
1415173759898	49.37245150000419	25.615881833329144	25.011666666666667
1415173774899	49.615689547256416	25.399309452810247	24.985000999933337
1415173789898	49.66804115123495	25.31862462648356	25.013334222281486
1415173804898	49.89057629816301	25.11027035429659	24.9991533475404
1415173819899	49.59675399489055	25.393246671731678	25.009999333377774
1415173834898	49.503608976021006	25.508058468475294	24.9883325555037
1415173849925	49.46240138477414	25.54592113136614	24.99167748385972
1415173864898	49.882478011345235	25.097489265755684	25.02003272289908
1415173879899	49.74695766535151	25.243043001270717	25.009999333377774
1415173894898	49.64863403883737	25.36303340565893	24.9883325555037
1415173909898	49.19651922899412	25.778494978073894	25.024985792931986
1415173924899	49.7865767576276	50.2134232423724	0.0
1415173939926	49.58360453278593	25.435527695869162	24.98086777134491
1415173954898	49.95477516202109	25.03854570359472	25.006679134384186
1415173969898	49.194656744435505	25.780343255564496	25.025
1415173984899	49.70888644908008	25.30611255098658	24.985000999933337
1415173999898	49.87053512149781	25.116130656220705	25.013334222281486
1415174014898	49.594988028997356	25.405845304335976	24.999166666666667
1415174029926	49.321971472577516	25.686346334183195	24.99168219323929
1415174044898	49.817413510568386	25.17590735504743	25.006679134384186
1415174059898	49.54415430167784	25.44417903165549	25.011666666666667
1415174074899	49.90306223901372	25.11193676105294	24.985000999933337
1415174089898	49.48672654856933	25.4866050068677	25.026668444562972
1415174104898	49.380134178782356	25.63319915455098	24.986666666666665
1415174119898	49.89079615004526	25.110870516621404	24.998333333333335
1415174134899	49.62930258905068	25.38569641101598	24.985000999933337
1415174149898	49.747588344079574	25.264912489309317	24.98749916661111
1415174164898	49.620508377142194	25.366991622857807	25.0125
1415174179899	49.64238919072299	25.360110642621457	24.997500166655556
1415174194898	49.60512628469188	25.406541159804423	24.9883325555037
1415174209898	49.109022146564804	25.892658727169877	24.99831912626532
1415174224898	49.87041805701605	25.116248609650615	25.013333333333332
1415174239899	49.33417190775681	25.682493647872814	24.983334444370374
1415174254898	49.9937908253235	25.004542396891313	25.001666777785186
1415174269898	49.313103864734295	25.68857612105864	24.998320014207064
1415174284899	49.90189666448659	25.087270724354152	25.010832611159255
1415174299898	49.721912310792135	25.290588522596757	24.98749916661111
1415174314898	49.643917408852865	25.343582591147136	25.0125
1415174329899	49.09534714008908	25.933817582262762	24.970835277648156
1415174344898	48.55572544320013	51.44427455679987	0.0
1415174359925	49.701291353258334	25.30536333496952	24.993345311772146
1415174374898	45.157629466446366	29.83736151732442	25.005009016229213
1415174389899	43.52907829798586	31.486753979862282	24.984167722151856
1415174404898	49.578579162155414	25.40725322667051	25.014167611174077
1415174419898	49.687338458203406	25.32682820846326	24.985833333333332
1415174434899	49.67557077055066	25.313596618290088	25.010832611159255
1415174449926	49.48162817013912	25.498407765177312	25.01996406468357
1415174464898	49.634408961153866	25.34471963605269	25.020871402793443
1415174479899	49.609371743027474	25.407293812602152	24.983334444370374
1415174494909	48.733281143294974	26.270049969296632	24.996668887408394
1415174509917	43.341966970093196	31.633867579366772	25.024165450540032
1415174524898	43.80262433933007	31.21821872410465	24.97915693656528
1415174539899	46.352138861330424	28.66369341651772	24.984167722151856
1415174554898	49.59644841286367	25.38938397596225	25.014167611174077
1415174569898	49.46060858691121	25.553558079755454	24.985833333333332
1415174584899	49.59769444768362	25.391467602841004	25.010837949475373
1415174599898	49.63437919505057	25.37811542191768	24.98750538303175
1415174614898	49.64364217678012	25.34385782321988	25.0125
1415174629898	49.64814567769477	25.366020988971897	24.985833333333332
1415174644899	49.59108549727668	25.398076553247947	25.010837949475373
1415174659898	49.7135948638846	25.29889975308365	24.98750538303175
1415174674898	49.66895138790569	37.83854861209431	12.4925
1415174689899	62.71632586551237	37.21214627582598	0.07152785866165041
1415174704909	62.15643062081584	25.320251591042922	12.523317788141238
1415174719899	62.12000769816499	25.378324523315996	12.501667778519012
1415174734882	62.15932652194549	25.333164968410248	12.507508509644264
1415174749899	62.28891809606202	25.219405803518455	12.491676100419525
1415174764882	61.94559704933149	25.546894441024246	12.507508509644264
1415174779899	62.33357681197915	25.174747087601325	12.491676100419525
1415174794909	62.13367716175186	25.38131284491036	12.485009993337775
1415174809903	57.679932118523745	29.809230213075562	12.510837668400693
1415174824898	50.07690272219099	24.9022454221011	25.020851855707914
1415174839898	49.21752804101809	25.796638125681906	24.985833833300003
1415174854899	49.94150008712753	25.061000246183582	24.99749966668889
1415174869898	49.73956599880184	25.272095229273816	24.988338771924347
1415174884898	49.576742126066506	25.411591207266827	25.011666666666667
1415174899898	49.43861586600405	25.574717467329286	24.986666666666665
1415174914899	49.954776663098585	25.04855644802734	24.996666888874074
1415174929898	49.41030674030208	25.601360704194217	24.9883325555037
1415174944898	48.211242181268624	26.77709115206471	25.011666666666667
1415174959899	49.8320742356268	25.182924764439864	24.985000999933337
1415174974882	49.779746687873164	25.205236292838308	25.01501701928853
1415174989883	49.69443149270632	25.322234062923304	24.983334444370374
1415175004898	49.313517457708144	25.686482542291856	25.0
1415175019899	49.732593592242715	25.282405407823948	24.985000999933337
1415175034882	50.02690241459518	24.984777489295897	24.988320096108925
1415175049899	49.39455390598269	25.582139175191983	25.023306918825327
1415175064898	49.39819626512891	25.614304568259982	24.98749916661111
1415175079898	49.7531295197247	25.2343704802753	25.0125
1415175094898	49.81200667314061	25.20215999352606	24.985833333333332
1415175109899	49.54563281791099	25.431035404207535	25.023331777881474
1415175124914	49.667798980917176	37.83886102574283	12.493339993339992
1415175139898	49.64275888517429	25.331380196512843	25.02586091831287
1415175154898	49.773702951845316	25.252963714821355	24.97333333333333
1415175169896	49.26379650366013	25.721201496073167	25.0150020002667
1415175184896	49.47657341779566	25.510926582204338	25.0125
1415175199911	49.66946890513134	25.343018607356175	24.987512487512486
1415175214911	49.934868284588255	25.05346504874508	25.011666666666667
1415175229895	49.53806279001714	25.448589639240733	25.013347570742123
1415175244880	49.48413991295122	38.02336759455629	12.492492492492492
1415175259900	49.75469985090415	25.24030680688546	25.004993342210387
1415175274904	49.9215930304916	25.07340830248627	25.00499866702213
1415175289882	49.4669278539574	25.496351622608223	25.036720523434376
1415175304879	49.727370958357575	25.280964041975825	24.9916649996666
1415175319919	49.68846445000874	25.314860018076367	24.996675531914896
1415175334895	49.70847548107801	25.29152451892199	25.0
1415175349880	49.332272784359695	25.656048870628627	25.011678345011678
1415175364900	49.54462811295892	25.450378544830695	25.004993342210387
1415175379904	49.64355907924981	25.35144225372806	25.00499866702213
1415175394895	49.920907698041326	25.07742463469165	25.001667667267025
1415175409896	49.45020185624506	25.52729964365495	25.022498500099992
1415175424879	49.5554961398349	25.442835302466374	25.001668557698725
1415175439896	49.76612956921233	25.250518229948618	24.98335220083905
1415175454903	49.62984576907045	25.369321286303713	25.000832944625838
1415175469896	49.513012667492866	25.46280938279727	25.024177949709863
1415175484905	49.384092024386796	25.61840914282457	24.997498832788633
1415175499897	49.51198315339105	25.488849735734753	24.999167110874197
1415175514923	49.40555815664504	25.599438512242365	24.995003331112592
1415175529899	49.49502499958472	25.494125030461348	25.01084996995393
1415175544897	48.56643938134043	38.92523450129462	12.508326117364952
1415175559897	49.34504416753434	25.668289165798996	24.986666666666665
1415175574897	50.020680983422125	24.96765234991121	25.011666666666667
1415175589897	49.51789712910665	25.495436204226685	24.986666666666665
1415175604896	49.66937543147546	25.317276997782418	25.013347570742123
1415175619897	49.31788435077357	25.67129385913587	25.010821790090564
1415175634897	49.74699425855608	25.26717240811059	24.985833333333332
1415175649923	49.68367532833176	25.320488562407746	24.995836109260495
1415175664897	49.523857299321946	37.97447492215904	12.501667778519012
1415175679896	49.41248398254621	25.5741817951723	25.013334222281486
1415175694897	49.98097412480974	25.009021537475085	25.010004337715174
1415175709897	49.60263245584805	25.41069421747862	24.986673326673326
1415175724906	49.51236619294935	25.490133196720745	24.997500610329904
1415175739897	49.406551802122515	25.605108533631594	24.988339664245892
1415175754896	49.91518621796728	25.071479559751232	25.013334222281486
1415175769897	49.4275796465346	25.60075179803576	24.971668555429638
1415175784897	49.544863459037714	25.442636540962287	25.0125
1415175799881	49.46371711077593	25.53628288922407	25.0
1415175814897	49.667710450048304	25.347273567000176	24.98501598295152
1415175829897	49.93700682978582	25.03799317021418	25.025
1415175844897	49.569408364587076	25.44392496874626	24.986666666666665
1415175859896	49.81204723298675	25.174618544731764	25.013334222281486
1415175874922	43.17401746906347	31.83097387926609	24.99500865167044
1415175889899	40.27831078037141	34.72335844577535	24.99833077385324
1415175904897	52.45644875073939	34.98265906943025	12.56089217983036
1415175919897	49.25713236398845	25.796192977869126	24.946674658142427
1415175934896	49.51296131187974	25.473697791608455	25.013340896511803
1415175949922	50.923348722478714	24.13404929444	24.942601983081286
1415175964897	72.52684144818976	12.211055045967171	15.262103505843072
1415175979897	81.30389818351654	6.141636030598317	12.554465785885146
1415175994900	81.40111077854269	5.277376204221445	13.321513017235867
1415176009907	80.53713890971585	6.962028145658309	12.500832944625841
1415176024896	85.31195446234291	2.12043084068368	12.56761469697341
1415176039897	87.01855933771937	0.47644099559174613	12.504999666688887
1415176054897	87.27332782824112	0.22000550509221206	12.506666666666666
1415176069897	86.86266203507583	0.6448379649241716	12.4925
1415176084897	87.3101987885553	0.1698012114447014	12.520000000000001
1415176099896	87.19090257282444	0.31576453831630147	12.493332888859257
1415176114897	87.20550714072701	0.2886599148026239	12.505832944470368
1415176129897	85.39007920940831	2.104085734921309	12.505835055670378
1415176144897	73.33153679671908	1.6567965366142552	25.011666666666667
1415176159897	74.900372054568	0.08796127876533788	25.011666666666667
1415176174896	74.59815414480676	0.4135132996895443	24.9883325555037
1415176189897	74.75429720276814	0.23570346385408314	25.009999333377774
1415176204897	74.60363721147121	0.409696121862126	24.986666666666665
1415176219897	74.61954796785994	0.36878536547338925	25.011666666666667
1415176234897	74.5477397461142	0.43892692055246485	25.013333333333332
1415176249896	74.68064524130405	0.32018898097743786	24.999165777718513
1415176264897	46.3401310997815	28.64820301127776	25.011665888940737
1415176279897	37.15693467169107	37.85806532830893	24.985
1415176294897	37.02747495273708	37.959191713929584	25.013333333333332
1415176309897	37.031818030217124	37.956515303116205	25.011666666666667
1415176324922	37.16420639670191	37.83995583125261	24.995837772045483
1415176339897	37.162979714111664	37.847860010980526	24.989160274907814
1415176354897	37.16241568208917	37.85091765124417	24.986666666666665
1415176369890	37.29197554515318	50.18217906032938	12.52584539451744
1415176384897	49.72030245683654	37.77969754316346	12.5
1415176399939	49.716319116110085	37.77370880570882	12.509972078181091
1415176414897	49.72453405227992	37.772958928065044	12.502507019655035
1415176429881	49.62392236891425	37.88275141645681	12.493326214628937
1415176444897	49.70057386538734	50.29942613461266	0.0
1415176459896	49.63447062844377	37.87219648269697	12.493332888859257
1415176474897	49.68932200566383	37.8048450498658	12.505832944470368
1415176489907	49.50616975778605	37.983004126291235	12.510826115922718
1415176504897	49.63525582171772	37.863076399763266	12.501667778519012
1415176519897	49.66099718469407	37.8331694819726	12.505833333333333
1415176534897	49.695706544393495	37.81096012227317	12.493333333333332
1415176549943	49.662969849913665	37.830383865359494	12.506646284726838
1415176564897	49.59612007692951	37.91140299382079	12.4924769292497
1415176579897	49.7005589011886	37.793607765478065	12.505833333333333
1415176594907	49.51989482618029	37.98260350826341	12.497501665556296
1415176609897	49.45963764427049	38.026186238317905	12.514176117411607
1415176624881	49.363640906895	38.129685307733936	12.506673785371062
1415176639897	49.649387574729225	37.85810443379501	12.49250799147576
1415176654897	49.68681803794833	37.80734862871834	12.505833333333333
1415176669882	49.64939342143661	37.84476740605755	12.505839172505839
1415176684898	49.33656513156251	38.17092687696173	12.49250799147576
1415176699883	49.70067868398672	37.80682882352079	12.492492492492492
1415176714898	49.71429999333644	37.791527512491065	12.494172494172494
1415176729899	49.492641847667485	38.002358485643626	12.504999666688887
1415176744909	48.47701603184761	39.02548230259609	12.497501665556296
1415176759899	49.778163983188925	37.72016823829206	12.501667778519012
1415176774898	49.656458987449305	37.84937473479884	12.49416627775185
1415176789898	49.687322816262544	37.80684385040412	12.505833333333333
1415176804910	49.586474602475334	37.91768873352253	12.495836664002132
1415176819902	49.75840169577808	37.74159830422192	12.5
1415176834898	49.675644125740014	37.82769009671931	12.496665777540677
1415176849898	49.47985262491039	38.01431404175627	12.505833333333333
1415176864883	49.64892846136547	37.85857904614204	12.492492492492492
1415176879883	49.71274670846918	50.28725329153082	0.0
1415176894898	49.63768115942029	37.855658833919705	12.506660006660006
1415176909908	49.654287665983574	37.848210668460126	12.497501665556296
1415176924898	49.61734055856607	37.880991662914916	12.501667778519012
1415176939899	49.688576121667936	37.8189233783654	12.492500499966669
1415176954909	49.71364924734222	37.775524636735064	12.510826115922718
1415176969899	49.4131994620647	38.08596664867579	12.500833889259507
1415176984898	49.558141278183584	37.93519161067567	12.506667111140743
1415176999898	49.590338148145065	37.9163285185216	12.493333333333332
1415177014899	49.59151211306079	37.903488220250324	12.504999666688887
1415177029898	49.687322816262544	37.818510905985605	12.49416627775185
1415177044898	49.66183574879227	37.832330917874394	12.505833333333333
1415177059899	49.67440697044233	37.833092529591006	12.492500499966669
1415177074882	49.6751570074464	37.8181687617587	12.5066742307949
1415177089883	49.53979290680806	37.98103903772897	12.479168055462969
1415177104898	49.609775193863015	37.88356479947698	12.506660006660006
1415177119899	49.63562685521796	37.871872644815376	12.492500499966669
1415177134898	49.55195043139345	37.94138245746581	12.506667111140743
1415177149898	49.66148048093118	37.845186185735486	12.493333333333332
1415177164898	49.59738194172655	37.89678472494011	12.505833333333333
1415177179899	49.71317557990228	37.794323920131056	12.492500499966669
1415177194898	49.77383495793831	50.22616504206169	0.0
1415177209898	61.85803183912163	38.102801494211704	0.03916666666666667
1415177224909	49.54421717739317	50.44245925988616	0.013323562720671507
1415177239898	44.495642175079574	43.00268993513458	12.501667889785843
1415177254925	43.80583234907591	43.69666581893422	12.497501831989874
1415177269887	44.42534012185961	43.063810632580235	12.510849245560154
1415177284899	49.52570519600577	37.977625472792525	12.496669331201705
1415177299898	49.60946942858334	37.897197682557405	12.493332888859257
1415177314898	49.662249394047926	37.831083939285406	12.506666666666666
1415177329910	49.48737579681441	38.016787539183454	12.495836664002132
1415177344902	48.60814419225634	38.89185580774366	12.5
1415177359898	49.688576121667936	37.81559165640622	12.495832221925847
1415177374910	49.62225217579419	37.88107849300411	12.496669331201705
1415177389901	49.69868456196581	37.80131543803419	12.5
1415177404899	49.618568549394546	37.87309700601284	12.508334444592611
1415177419898	49.6669473368292	37.83971977431154	12.493332888859257
1415177434898	49.71596588258812	37.77736745074521	12.506666666666666
1415177449883	49.479422822036796	38.028084685470716	12.492492492492492
1415177464898	49.59770785094368	37.895632142396316	12.506660006660006
1415177479898	49.66156513620753	37.84593486379247	12.4925
1415177494899	49.59096967677441	37.90319737875522	12.505832944470368
1415177509898	49.69949568624182	37.807171424898925	12.493332888859257
1415177524898	49.60988567193758	37.88344766139575	12.506666666666666
1415177539892	49.701396813233494	37.801104187166665	12.49749899959984
1415177554898	49.63737912637546	37.874282875490465	12.48833799813408
1415177569898	49.51807630736393	37.98859035930274	12.493333333333332
1415177584909	49.558133917490565	37.93270613313898	12.50915994937046
1415177599887	49.641931154073816	37.85973796062775	12.498330885298438
1415177614898	49.69510671265057	37.794900615308926	12.509992672040504
1415177629910	47.83249018172136	39.68416316227011	12.483346656008527
1415177644902	49.727551131100896	50.272448868899104	0.0
1415177659913	49.674246773670156	37.82908411701001	12.496669109319832
1415177674898	49.700883979747005	37.79327684774716	12.505839172505839
1415177689898	49.71388590419551	37.79361409580449	12.4925
1415177704898	49.40113276694986	38.092200566383475	12.506666666666666
1415177719883	49.66189455779477	37.845612949712745	12.492492492492492
1415177734898	49.74027598282403	37.75306401051596	12.506660006660006
1415177749899	49.67557077055066	37.83276200726416	12.491667222185187
1415177764898	49.64235097957482	37.86348274267333	12.49416627775185
1415177779898	49.688897773557564	37.817768893109104	12.493333333333332
1415177794899	49.64730013674416	37.847700196566954	12.504999666688887
1415177809898	49.63106699090576	37.87476673134239	12.49416627775185
1415177824898	49.45344484003569	38.04072182663098	12.505833333333333
1415177839899	49.64891091583025	37.87192102870678	12.479168055462969
1415177854898	49.71401890977005	37.778480590196615	12.507500500033336
1415177869898	49.68269567100288	37.82480432899712	12.4925
1415177884908	49.6872266877681	37.8144388685277	12.498334443704197
1415177899883	49.64980155421406	37.84936372124504	12.500834724540901
1415177914898	49.73902312938783	37.75431686395216	12.506660006660006
1415177929883	49.629820864944996	37.87768664256251	12.492492492492492
1415177944898	47.81463138059266	39.69202862606735	12.493339993339992
1415177959899	49.766357086335425	37.728643246975686	12.504999666688887
1415177974893	49.69353253718417	37.80813479641594	12.498332666399893
1415177989883	45.57756766221422	41.920764559266765	12.501667778519012
1415178004898	43.92059760225435	43.58606240440566	12.493339993339992
1415178019883	49.70056887748728	37.793591950006885	12.505839172505839
1415178034898	49.6556783886082	37.850981618051804	12.493339993339992
1415178049899	49.643145648209064	37.85185468510205	12.504999666688887
1415178064898	49.4401040580991	38.065729664149046	12.49416627775185
1415178079898	49.42818827723498	50.57181172276502	0.0
1415178094899	49.64939342143661	37.8589393563782	12.491667222185187
1415178109882	49.674737832862725	37.817753657493014	12.507508509644264
1415178124899	49.64814567769477	37.860178221885704	12.491676100419525
1415178139898	49.70098284191238	37.791516658054285	12.507500500033336
1415178154898	49.57182285890583	37.93567714109417	12.4925
1415178169898	49.610718359937714	37.90928164006229	12.479999999999999
1415178184910	61.50712661296369	38.44041535346317	0.05245803357314149
1415178199902	62.09246961533642	37.90753038466358	0.0
1415178214913	61.929504047734774	38.070495952265226	0.0
1415178229891	62.41139461146433	37.58860538853567	0.0
1415178244883	62.29833685015036	37.70166314984964	0.0
1415178259894	61.83840966043829	38.16159033956171	0.0
1415178274898	62.18155453886347	37.81844546113653	0.0
1415178289898	62.18196061436917	37.81803938563083	0.0
1415178304899	50.94699786801527	49.03966968748102	0.013332444503699753
1415178319898	49.52583688120878	37.967496007650475	12.506667111140743
1415178334898	49.70098284191238	37.80568382475429	12.493333333333332
1415178349898	49.80513383026285	37.68903283640382	12.505833333333333
1415178364899	49.57078859774257	37.93671090229076	12.492500499966669
1415178379898	49.358710878847106	38.13462201001215	12.506667111140743
1415178394898	49.76090457768111	37.74576208898556	12.493333333333332
1415178409899	49.74079489565333	37.75420543765778	12.504999666688887
1415178424898	49.31552615533673	38.19030756691142	12.49416627775185
1415178439883	49.41902322232826	38.0751376051659	12.505839172505839
1415178454898	49.97472634012546	37.53193366653455	12.493339993339992
1415178469899	49.67457886676876	37.82042146654235	12.504999666688887
1415178484898	49.655132199323596	37.85070152292455	12.49416627775185
1415178499898	49.61030074435061	37.883865922316055	12.505833333333333
