time	idle	user	header
1415135326138	61.12891298989401	38.87108701010599	0.0
1415135340580	58.51970273072935	4.144732816860262	37.33556445241039
1415135355541	61.78070022499522	13.246842006426292	24.972457768578487
1415135370595	61.45362109188819	1.0603900715522698	37.48598883655954
1415135385500	61.41137892003462	1.0418131468209424	37.546807933144436
1415135400508	60.15304000665391	2.3985866449358966	37.44837334841019
1415135415579	60.54894510548945	2.04632595466321	37.40472893984734
1415135430501	61.19954734062618	1.2797163928143789	37.52073626655944
1415135445547	61.64169554342316	0.7992592438335819	37.55904521274326
1415135460501	61.36350406240385	1.1216087279309548	37.5148872096652
1415135475501	58.98610233733418	3.548036744352956	37.46586091831286
1415135490485	61.55602212890755	0.9756925890137893	37.46828528207866
1415135505516	61.58626492173638	0.8562728890102989	37.55746218925332
1415135520501	61.49815608990939	0.9860330992798012	37.515810810810805
1415135535532	59.15723793677204	3.4658480952408723	37.376913967987086
1415135550485	61.305046769451174	1.1892031388135322	37.505750091735294
1415135565563	61.355068942985916	1.0999974223609712	37.54493363465311
1415135580438	61.52641262369263	0.9687624463353828	37.50482492997199
1415135595469	60.93682388576374	1.49237649522005	37.57079961901621
1415135610454	59.23523329886936	3.4707593595669124	37.29400734156373
1415135625564	61.16069936148163	1.295255232468051	37.544045406050316
1415135640609	61.623990619308586	0.8801117375359908	37.49589764315542
1415135655563	61.45087373472732	13.49992380174595	25.049202463526733
1415135670501	58.531380508990274	4.186355887306661	37.282263603703065
1415135685485	61.52538276255803	0.9404491817938165	37.53416805564815
1415135700501	61.346000133217885	1.1498359211557343	37.50416394562638
1415135715532	60.9037966457547	14.057883340925283	25.038320013320014
1415135730440	60.771787204624395	1.766014649964589	37.462198145411016
1415135745526	60.25683705910748	2.349221538267571	37.39394140262495
1415135760469	61.30990601832934	1.1200340924947696	37.57005988917589
1415135775438	60.33352242391885	14.628932071407142	25.037545504674007
1415135790470	61.622670096484434	0.8623201909733496	37.515009712542216
1415135805555	58.49887957297882	4.219052147273082	37.282068279748096
1415135820563	61.754693283976735	0.6961679241570735	37.54913879186619
1415135835485	61.443366182702675	1.0231960532163598	37.533437764080965
1415135850501	61.52782981557804	0.9572028151714633	37.5149673692505
1415135865563	59.6978504742948	2.909892805134554	37.39225672057064
1415135880563	60.964850337705926	1.555957136434884	37.47919252585919
1415135895501	60.981840721010485	1.448864638921684	37.56929464006783
1415135910454	61.60106405087493	0.8798295348126075	37.51910641431246
1415135925501	61.271690795412745	1.1975314221424398	37.530777782444815
1415135940532	58.646753785521675	3.9912108597517957	37.36203535472653
1415135955454	61.451247165532884	1.0036526468247047	37.54510018764241
1415135970469	61.58511187750953	0.8965481291504815	37.518339993339985
1415135985485	61.28689600950159	1.1572976744269141	37.5558063160715
1415136000517	59.46235220908525	3.279502671404579	37.25814511951017
1415136015469	70.81499277578038	4.132500040392209	25.05250718382741
1415136030501	74.09789861980354	0.9170489783045603	24.985052401891895
1415136045422	73.94061954223734	1.0076503759912967	25.05173008177136
1415136060501	64.06703910614524	1.0825807631101512	34.850380130744604
1415136075501	59.50729987694968	3.1051646053802813	37.38753551767004
1415136090469	61.306999272216224	1.1988750374221127	37.49412569036166
1415136105532	61.699672980196205	0.7320159948440264	37.56831102495977
1415136120454	62.75533211965326	12.245643183270701	24.999024697076038
1415136135454	71.50348484343215	3.5607850444482594	24.935730112119593
1415136150454	74.16567988125219	13.315978793938719	12.518341324809093
1415136165469	74.12024011287642	0.8672598871235842	25.0125
1415136180454	63.37055465876753	0.7778003629208285	35.85164497831164
1415136195485	60.35160960356599	2.208213373392745	37.440177023041265
1415136210454	60.17983782927907	2.523197583928436	37.29696458679249
1415136225485	61.429654373849374	1.0778106229105546	37.49253500324007
1415136240532	61.490491633804936	0.9653559849674878	37.544152381227576
1415136255469	61.61244389671165	0.8825994353357984	37.50495666795255
1415136270548	59.25116901022417	3.33415188748441	37.41467910229142
1415136285547	61.45968098692063	1.0478048060710279	37.49251420700834
1415136300470	61.194291730026904	1.2748783363318879	37.53082993364121
1415136315540	61.802999459931044	0.6853491399000262	37.51165140016893
1415136330485	59.7068346970542	2.794082094279183	37.49908320866662
1415136345547	60.83148244017301	1.7281979328990857	37.4403196269279
1415136360485	61.41319763076667	1.0426108456821694	37.54419152355116
1415136375579	60.57688292817357	1.9188102832570237	37.50430678856941
1415136390501	61.574001241978884	0.8817424920158743	37.54425626600524
1415136405578	59.036244850401566	3.573072853350091	37.39068229624834
1415136420501	61.24339726392615	1.2007163942113408	37.55588634186251
1415136435501	61.544805524779036	0.9610148765677309	37.49417959865323
1415136450485	61.15133291898339	1.3036261484663285	37.54504093255028
1415136465579	59.53276202596501	3.0407659673133125	37.426472006721674
1415136480469	61.66676381683585	25.787311777386527	12.545924405777626
1415136495438	73.971070620738	0.9398199948620025	25.089109384399993
1415136510423	74.05117751731397	0.9246650456342849	25.02415743705174
1415136525453	73.5973597359736	1.4017611240305072	25.000879139995895
1415136540485	62.403678743096116	2.7789614203904804	34.817359836513404
1415136555517	61.42877441679692	1.052805555798372	37.51842002740471
1415136570500	61.46343092879929	0.9907188739543571	37.54585019724635
1415136585570	61.65589110309638	0.8316254392228686	37.51248345768075
1415136600453	59.400220178626114	15.716406214178289	24.883373607195598
1415136615547	61.481072581589466	1.017973061075395	37.50095435733514
1415136630517	61.46872242295076	0.9870729430278189	37.54420463402142
1415136645485	61.537756750903725	0.9430641418183328	37.51917910727794
1415136660563	59.974691764000696	2.5467353319063832	37.47857290409292
1415136675454	59.78683218650935	2.774767878026381	37.43839993546427
1415136690563	61.48069565798486	0.9736152935451301	37.54568904847001
1415136705469	61.461271560869676	1.0747934339906564	37.46393500513967
1415136720470	61.524992704381546	0.9041801778773788	37.570827117741075
1415136735477	58.85530417965688	3.7604760113357187	37.3842198090074
1415136750438	61.308801277041525	1.1686675745418071	37.52253114841667
1415136765563	61.42382866129154	1.071845361655214	37.50432597705325
1415136780595	60.89046526184019	1.537061807535565	37.572472930624244
1415136795532	58.64933338871122	3.937684266608777	37.41298234468
1415136810485	60.74800592809685	1.7069757366749911	37.54501833522816
1415136825547	56.47872979831708	6.027840304556513	37.493429897126404
1415136840516	55.44616307254054	7.025484792650261	37.5283521348092
1415136855548	57.33002597056669	5.178270929601105	37.49170309983221
1415136870485	59.11548892697292	3.5477483396582628	37.336762733368815
1415136885516	61.45257461627111	1.0407133841400196	37.50671199958887
1415136900548	61.23689535435628	1.233106058618688	37.529998587025034
1415136915531	61.22756861731832	13.758310945795397	25.014120436886284
1415136930485	58.82714664406385	3.7864316470720354	37.38642170886411
1415136945486	61.496647489583424	1.012526129072235	37.49082638134434
1415136960469	61.57927512766223	13.355697382714666	25.065027489623105
1415136975594	60.459151705528036	2.0498343743187775	37.491013920153186
1415136990516	60.79909567703701	1.6691284779583597	37.53177584500463
1415137005439	59.532681454806145	3.2379517527921706	37.229366792401684
1415137020485	61.449084639602866	13.510144019090152	25.040771341306982
1415137035485	61.53878231859883	0.9562176814011707	37.505
1415137050454	61.46658880453825	0.990020276932448	37.543390918529305
1415137065516	58.12509352087386	4.563093631791588	37.31181284733455
1415137080462	61.458489403852234	0.9545250055601713	37.586985590587595
1415137095594	53.21723951622958	9.331440479729586	37.45132000404083
1415137110594	49.034107050350094	13.409157602091689	37.55673534755822
1415137125532	47.182471300250576	15.405501896652943	37.41202680309648
1415137140500	48.26910733785124	14.19856380201729	37.53232886013147
1415137155601	49.325600552499985	13.174399447500015	37.5
1415137170562	49.1803962113127	13.307097118463183	37.51250667022412
1415137185530	49.18757138450508	13.304954493088779	37.507474122406144
1415137200506	46.54812324743512	16.06783959656601	37.38403715599887
1415137215468	49.036577536540015	13.455114133435288	37.5083083300247
1415137230577	49.16135050052468	13.282109410583502	37.55654008889182
1415137245515	50.70339046728504	24.258236909606996	25.038372623107964
1415137260530	50.013711493555604	15.626288506444396	34.36
1415137275444	49.01893832136849	13.467730212706954	37.51333146592456
1415137290530	49.27867376040294	13.186328336996112	37.53499790260095
1415137305522	49.30501769727254	13.167494241067025	37.527488061660435
1415137320499	48.93900751779434	13.565163485836436	37.49582899636923
1415137335546	47.047417738794664	15.60306547097175	37.34951679023359
1415137350546	49.15779589326819	13.323855303980288	37.518348802751525
1415137365468	49.17782122624956	13.330700302859775	37.49147847089066
1415137380453	59.4916468177957	15.418263308561308	25.090089873642995
1415137395468	59.04800160674834	28.484267029083576	12.467731364168083
1415137410468	61.95794570751041	13.01622004087373	25.02583425161586
1415137425468	61.52155086270069	13.453982917484602	25.024466219814705
1415137440530	61.672086471665146	13.302125857815902	25.02578767051895
1415137455459	61.05781652400757	13.943857956903347	24.998325519089082
1415137470485	59.58723421961469	15.520856626763976	24.89190915362133
1415137485501	61.41777313640658	13.569765907921191	25.01246095567223
1415137500501	53.87080579031044	13.148221913234899	32.98097229645466
1415137515532	49.22404663225397	13.230091961386798	37.54586140635923
1415137530500	46.780798591210015	15.871225363989375	37.34797604480061
1415137545539	49.33757463214782	13.161594085023864	37.500831282828315
1415137560485	48.901208837015425	13.574660405108887	37.52413075787569
1415137575516	48.21775491315985	14.22560830906356	37.55663677777659
1415137590501	47.32244714424895	15.225116532909531	37.45243632284152
1415137605517	48.31347972776935	14.208242743029757	37.478277529200895
1415137620500	48.92870599070624	13.537765954412535	37.533528054881224
1415137635570	49.454851364745664	13.045108828615227	37.50003980663911
1415137650546	49.271265862891255	13.215393688869682	37.51334044823906
1415137665470	46.14462944010384	16.537052949823092	37.318317610073066
1415137680571	47.42707691282547	27.54707596871135	25.02584711846318
1415137695485	49.03680827977631	13.465839519844558	37.49735220037913
1415137710531	49.12958736610638	13.363621654287911	37.50679097960571
1415137725563	46.58645565512594	15.96255307425485	37.45099127061921
1415137740454	50.69469332644335	24.28055692214874	25.02474975140791
1415137755485	61.58421937137057	13.300075419284408	25.11570520934502
1415137770454	61.779028876433586	13.247693015476361	24.973278108090053
1415137785439	61.438545624208494	13.523974344144808	25.037480031646698
1415137800453	59.373803618689344	15.7410650594333	24.885131321877356
1415137815439	61.60883940903194	13.368619065784436	25.022541525183627
1415137830454	61.85524126455907	13.13143163276515	25.01332710267578
1415137845531	61.759160042197244	13.18934708401995	25.051492873782806
1415137860470	52.33876004496815	15.50516369095049	32.15607626408136
1415137875508	49.26011618423024	13.2406884029484	37.49919541282136
1415137890470	49.219994163505234	13.242450033341974	37.53755580315279
1415137905477	49.362807976144865	13.124711992791887	37.51248003106325
1415137920607	48.286282769586826	26.720775536966165	24.99294169344701
1415137935500	47.754407335408025	14.72409439822389	37.521498266368084
1415137950492	49.234084687518205	13.25092053120131	37.514994781280485
1415137965485	49.22635242276043	13.224458846085646	37.549188731153926
1415137980470	48.99251247920133	13.491613426140937	37.51587409465773
1415137995540	46.83491552829198	15.846904127165509	37.31818034454251
1415138010422	49.28586317588694	13.201617637696522	37.51251918641654
1415138025501	49.023937078726576	13.419424813458967	37.55663810781446
1415138040579	49.259802614030406	13.235099302398638	37.50509808357096
1415138055516	47.32816158518802	15.216349394129153	37.455489020682826
1415138070516	48.41573192768576	14.092575546455052	37.491692525859186
1415138085532	49.14060416110963	13.315276233136508	37.54411960575386
1415138100454	49.059572873735476	13.47573531559759	37.464691810666935
1415138115469	49.22529103705928	25.723917362869688	25.050791600071033
1415138130454	46.27080319882953	16.421915353055688	37.30728144811478
1415138145516	49.22757551251803	13.210804636052643	37.56161985142933
1415138160501	49.20623021822422	13.290456293927583	37.503313487848196
1415138175547	49.180177475313585	13.234967188370447	37.58485533631597
1415138190561	45.171088776941396	17.463901073587515	37.36501014947109
1415138205470	49.23767115848921	13.235575076491372	37.526753765019414
1415138220539	49.215064766516086	13.285764695992206	37.49917053749171
1415138235501	49.20580600465749	13.259102534758377	37.535091460584134
1415138250579	48.61433118108012	13.891452118903665	37.49421670001622
1415138265625	46.94318049235795	15.693086530702637	37.36373297693941
1415138280470	49.13521946986826	25.85320108547711	25.01157944465463
1415138295555	49.31199920038648	13.160523961274556	37.52747683833896
1415138310516	49.205819819068665	13.272510367340871	37.521669813590464
1415138325594	46.49921297877125	16.007738917703335	37.49304810352542
1415138340454	48.95887124985424	13.536423849719363	37.5047049004264
1415138355532	49.25938281901585	25.66303583640689	25.07758134457726
1415138370548	49.20765778144179	13.299835557664501	37.49250666089371
1415138385547	47.915209644653146	14.66727543033143	37.417514925015425
1415138400594	47.97853547978536	14.532930008285412	37.48853451192923
1415138415485	47.66380079555025	14.77942916510608	37.55677003934367
1415138430485	49.28635667177404	13.220316211371944	37.49332711685402
1415138445485	49.22000717043114	13.209146148664786	37.570846680904076
1415138460532	46.70138888888889	15.845843965063338	37.45276714604777
1415138475421	60.22085152200586	14.685961053489997	25.093187424504144
1415138490485	61.770348497739526	13.19466217811538	25.034989324145094
1415138505470	61.63064126059632	13.370218797658296	24.999139941745383
1415138520508	59.95389947432135	15.16412699020422	24.881973535474433
1415138535563	60.89341561721272	14.119785799908161	24.98679858287912
1415138550454	61.78915807745654	13.226017331795557	24.984824590747902
1415138565423	61.72520445848721	13.260684012659333	25.014111528853455
1415138580501	54.86762490532746	13.183175341034971	31.94919975363757
1415138595531	46.71212373191418	15.845293018002565	37.44258325008325
1415138610501	49.16893698917744	13.27774301263213	37.55331999819043
1415138625485	48.93998382672925	13.539193965137777	37.52082220813298
1415138640610	49.18902266406888	13.26591611236313	37.54506122356799
1415138655477	46.666832950879645	15.912186689235071	37.420980359885284
1415138670516	49.19246579340131	13.270756342234584	37.536777864364105
1415138685501	49.19030024632182	13.290673289225154	37.51902646445303
1415138700422	51.55478034450528	23.366695474438878	25.07852418105584
1415138715486	61.07496204347898	26.379961480523487	12.54507647599753
1415138730500	59.588052177831926	15.45099357251997	24.960954249648104
1415138745507	61.909313032927216	13.104014081086245	24.98667288598654
1415138760517	61.76213725473887	13.214543403532833	25.0233193417283
1415138775500	61.73246709978344	13.254212026395713	25.013320873820845
1415138790523	57.86031301097875	17.191116418902872	24.948570570118378
1415138805563	61.37609993385745	13.61473534866688	25.009164717475667
1415138820501	54.80295464176215	13.226183822537322	31.97086153570053
1415138835501	49.312609093175965	13.181555795594399	37.505835111229636
1415138850469	47.44716990558025	15.070389709861601	37.482440384558146
1415138865438	47.751231260260504	14.799762166487824	37.44900657325167
1415138880470	49.32448190844273	13.143058509803886	37.532459581753386
1415138895430	49.34374895899264	13.132100768902312	37.52415027210505
1415138910438	49.41384428102123	13.085322774352932	37.50083294462584
1415138925485	46.25391431807582	16.293268770084595	37.452816911839584
1415138940547	49.07014899269611	13.384881183719862	37.544969823584026
1415138955438	49.160907370509626	13.33601804655936	37.50307458293101
1415138970486	49.28493490700406	13.172587123228865	37.54247796976708
1415138985469	47.190823913840816	15.392659089618157	37.41651699654103
1415139000501	48.85182841537335	26.110684015811167	25.037487568815486
1415139015469	49.21217479793472	13.256248319113212	37.531576882952066
1415139030563	49.24384534935839	13.238652561390218	37.517502089251394
1415139045516	49.05376362070263	13.426999473686145	37.51923690561122
1415139060548	47.700163262586216	27.327243579139655	24.97259315827413
1415139075423	60.84771374424992	14.114100381326658	25.03818587442342
1415139090453	61.87155017623196	13.088497261360384	25.039952562407652
1415139105470	61.647789061585044	13.367180251386685	24.98503068702827
1415139120446	59.45331995788391	15.663603304719498	24.88307673739659
1415139135563	61.731713017060066	13.256628716142991	25.011658266796942
1415139150485	61.52908263393043	13.446670530248092	25.02424683582148
1415139165501	61.84881087202718	13.153703909447174	24.997485218525647
1415139180563	55.050869381358666	13.617529127028885	31.33160149161245
1415139195593	47.08161479815023	15.554069516646024	37.36431568520375
1415139210437	49.12216380165152	13.345357637283257	37.532478561065226
1415139225530	49.03148910633616	13.460925453582362	37.50758544008148
1415139240459	49.23413931251614	25.75251934934764	25.013341338136218
1415139255421	46.78271448570096	15.760810121296643	37.4564753930024
1415139270468	49.31075554519028	13.20989954497356	37.47934490983616
1415139285546	49.16872126341041	13.313747430263106	37.51753130632648
1415139300562	48.84269681658245	13.65393255653067	37.50337062688688
1415139315562	47.99913422075706	14.53253244590961	37.468333333333334
1415139330468	48.09554766548316	14.371008365937712	37.53344396857913
1415139345483	49.18757755698617	13.320746896929649	37.49167554608418
1415139360484	48.999650169084944	13.443743544287464	37.55660628662759
1415139375499	49.15494484420468	13.364197210036671	37.48085794575865
1415139390452	44.462366038394705	18.125564615610912	37.41206934599438
1415139405578	49.23719836179068	13.244384619309692	37.518417018899626
1415139420483	48.994205022314	13.422341697330907	37.583453280355094
1415139435421	49.22736019592979	25.746734584899524	25.025905219170685
1415139450468	47.13431493387521	15.440456489598517	37.42522857652627
1415139465406	48.992712887778474	13.594278072400044	37.41300903982148
1415139480546	49.3371243704766	13.141051662297997	37.5218239672254
1415139495593	48.7139549217878	13.755246095856734	37.53079898235546
1415139510436	48.652909382089945	13.790192909099112	37.55689770881094
1415139525562	46.74328864641895	15.80325919753136	37.45345215604969
1415139540480	48.88291184038505	13.561915410159543	37.55517274945541
1415139555456	49.20789605197402	13.266256829562806	37.525847118463176
1415139570437	49.1420424226254	13.345462255791112	37.512495321583486
1415139585593	46.58646541632419	16.021451946787913	37.3920826368879
1415139600530	49.218338750511776	25.72983212945023	25.051829120037993
1415139615553	43.172184051634396	19.31614045042687	37.51167549793873
1415139630499	43.16044813444033	19.342061794359836	37.497490071199834
1415139645546	41.71007918110289	20.786549278623312	37.5033715402738
1415139660593	46.796933588867596	15.762027874661435	37.44103853647097
1415139675499	49.055690476786594	25.944335629101257	24.99997389411215
1415139690484	49.21958377801494	13.277950200201659	37.5024660217834
1415139705546	49.16195998067343	13.292267831812723	37.54577218751385
1415139720499	46.782818412408	15.815071866019963	37.40210972157204
1415139735452	61.46095717884131	1.061653048076792	37.477389773081896
1415139750499	61.84403753453525	0.6260030064349493	37.5299594590298
1415139765484	61.483929964680314	0.997717125549265	37.51835290977042
1415139780484	59.84324382544719	2.727624939576849	37.42913123497596
1415139795422	64.76691313777539	10.196341446044709	25.0367454161799
1415139810422	74.29018537170064	0.7114811838623183	24.998333444437037
1415139825407	74.1413655151807	0.8336344848193065	25.025
1415139840439	74.2960512023529	0.7047812430386848	24.999167554608416
1415139855407	71.59539555881324	3.705759006055956	24.698845435130806
1415139870422	74.29878405726807	0.7145492760652701	24.986666666666665
1415139885407	74.32637775987911	0.6611231289505248	25.012499111170367
1415139900486	69.95661064286071	0.7513837087734956	29.292005648365794
1415139915485	59.1274445158544	3.429218824361179	37.44333665978442
1415139930453	61.82828240951868	0.6918000840397625	37.47991750644156
1415139945454	61.5372354258773	0.9344567584391612	37.52830781568354
1415139960501	61.94649217261659	0.5593054923220464	37.49420233506137
1415139975516	61.34639168365812	1.1353065914541531	37.51830172488773
1415139990470	58.699030255690076	3.9532323248701715	37.34773741943975
1415140005477	61.84766396413662	0.6656497876664105	37.48668624819697
1415140020485	61.06841019498237	13.880675796598048	25.050914008419582
1415140035547	49.08334514410531	38.34593223814191	12.570722617752777
1415140050407	46.43124594365213	28.661073093895883	24.907680962451987
1415140065564	49.31188843772882	25.651595599153104	25.036515963118077
1415140080469	49.17337784268725	25.78651219972331	25.040109957589436
1415140095485	49.28459460360871	25.67787991361852	25.03752548277277
1415140110516	48.0719794344473	26.967051283343384	24.960969282209316
1415140125391	47.489506579770854	27.511457349978194	24.999036070250952
1415140140454	44.87353526604649	25.86936249964873	29.25710223430478
1415140155501	36.771891206830425	25.708107520198972	37.5200012729706
1415140170500	36.70871330626373	25.75967208748336	37.53161460625291
1415140185508	34.57711857345222	28.067217799820007	37.35566362672777
1415140200554	36.67528136723635	25.792293251332097	37.53242538143155
1415140215516	35.49618957093068	26.96796460856494	37.53584582050438
1415140230579	36.70394829984093	25.74108177216838	37.55496992799069
1415140245454	34.78782626087536	27.744925587439674	37.46724815168496
1415140260610	36.077548239126465	26.404000541669426	37.51845121920411
1415140275508	36.745766107155674	25.73086820552878	37.52336568731555
1415140290454	36.6577718478986	25.83055431450262	37.51167383759878
1415140305579	36.73832296020541	25.75580601838871	37.50587102140588
1415140320454	34.524704663558744	28.099398419836973	37.37589691660429
1415140335594	36.79795891141943	38.16447111363374	25.037569974946834
1415140350548	36.68285797318055	25.77299436298511	37.54414766383434
1415140365547	36.64361510866566	25.82300967999457	37.533375211339774
1415140380501	34.23262239013389	28.445744693365967	37.32163291650015
1415140395547	36.745516246571	25.74697926680239	37.50750448662661
1415140410548	36.676549461165614	25.807606694634657	37.51584384419973
1415140425485	36.46438786827556	26.017349097074117	37.518263034650325
1415140440500	45.55499248157779	29.355390757022594	25.089616761399615
1415140455399	47.10013177428233	27.951793152677382	24.948075073040286
1415140470469	49.303762679680865	25.672080931834664	25.02415638848447
1415140485439	49.25837819790493	25.717470150443418	25.02415165165165
1415140500564	45.25707336981418	26.10543628999291	28.63749034019291
1415140515532	33.51521108926727	29.14392436124978	37.34086454948295
1415140530641	35.634575216157515	26.823003738829087	37.5424210450134
1415140545626	30.148703227744583	32.39706778928318	37.45422898297223
1415140560656	29.725925864237112	32.27509160276044	37.99898253300245
1415140575657	25.208340278009267	50.11816682039176	24.67349290159897
1415140590594	32.88313028426869	29.596021255151143	37.52084846058017
1415140605548	36.18664065170806	26.361662491605742	37.4516968566862
1415140620547	38.863068465767114	36.06025863869987	25.076672895533015
1415140635501	49.09751807048113	25.87832988906411	25.024152040454762
1415140650594	46.35074942559245	28.688236163111835	24.961014411295718
1415140665547	49.06747738643102	25.92081790961059	25.011704703958387
1415140680517	49.09056050148378	25.87269723183308	25.03674226668314
1415140695516	49.173836201147125	25.825343313887988	25.000820484964887
1415140710563	47.07942370399947	27.919744238695383	25.00083205730515
1415140725563	48.45603331476971	26.54643681620731	24.997529869022976
1415140740670	46.124798449418115	28.820143481966358	25.055058068615526
1415140755568	36.64220687817026	38.34442413787252	25.013368983957218
1415140770610	36.590337987385794	25.893025520557238	37.51663649205697
1415140785571	34.16640277337956	28.542315476424683	37.29128175019576
1415140800563	36.49795714166597	25.99037080118329	37.51167205715074
1415140815547	36.52455954574638	25.996308087815024	37.4791323664386
1415140830610	36.60503081792437	25.852511644185512	37.542457537890115
1415140845618	34.309466746554826	28.33383368137366	37.35669957207152
1415140860500	36.3299814898194	26.14336605815501	37.52665245202559
1415140875570	36.35205250139498	26.13543999410232	37.5125075045027
1415140890593	34.71521599559754	27.785604419318503	37.499179585083965
1415140905594	35.995732159677246	26.5142683956175	37.489999444705255
1415140920579	34.75651877189917	27.816875454328482	37.42660577377235
1415140935563	36.6819254404616	25.81225546361386	37.505819095924544
1415140950579	36.585994891804425	25.883995340836314	37.53000976735926
1415140965516	36.719278184443574	25.774075271759976	37.50664654379645
1415140980594	33.0428703403161	29.581702092587058	37.37542756709684
1415140995657	36.32006268547231	38.654940576002645	25.024996738525047
1415141010532	36.59117005874424	25.863725852373086	37.545104088882674
1415141025563	36.21978902390172	26.248456131146405	37.53175484495188
1415141040660	35.20252586099456	27.316502307430333	37.4809718315751
1415141055543	35.677322427176364	27.044188781422918	37.27848879140072
1415141070588	36.67405284728933	25.815932934114095	37.510014218596574
1415141085953	27.284847676821546	36.79199504572195	35.92315727745651
1415141100753	19.389640877079067	44.55589426861323	36.054464854307696
1415141115639	23.406188523223634	39.49187352455267	37.10193795222369
1415141130569	35.61488497744574	26.856700561971145	37.528414460583114
1415141145578	34.93942800049956	27.558095192482888	37.50247680701755
1415141160621	33.415262074769004	28.993058196975376	37.59167972825562
1415141175625	33.5931533685294	41.5778695113392	24.8289771201314
1415141190673	27.780547799494748	47.40487831783959	24.814573882665673
1415141205699	35.5716270738118	26.847295732978417	37.58107719320979
1415141220593	37.27753047385281	37.671003929415065	25.05146559673212
1415141235470	48.822012468390874	26.18135687514717	24.996630656461956
1415141250507	46.82447171665029	28.22210956262838	24.953418720721334
1415141265489	52.880526056332144	34.58694592759035	12.532528016077505
1415141280500	60.59285381595581	26.844687822951585	12.562458361092604
1415141295476	61.699249250503144	25.800750749496856	12.5
1415141310512	58.975145495846526	28.563028013075318	12.461826491078156
1415141325562	59.69589668818996	27.787439977810173	12.516663333999867
1415141340639	57.49569069606708	28.49082279044641	14.013486513486512
1415141355657	35.888332929589936	26.60912375797858	37.502543312431484
1415141370592	35.61107641057673	26.893111961494853	37.49581162792842
1415141385577	33.3258583744456	29.31418401052842	37.35995761502598
1415141400709	33.47225470216817	28.95015208697017	37.57759321086166
1415141415657	32.32171341220258	30.31000597419216	37.36828061360527
1415141430593	34.57014935346988	40.40488762148849	25.024963025041636
1415141445586	33.779300366696326	28.827401880658428	37.39329775264524
1415141460624	34.533993696533095	28.00339291012297	37.46261339334394
1415141475781	35.097652839789475	27.44134908480067	37.460998075409854
1415141490592	33.45520262504789	29.05848587499507	37.48631149995704
1415141505617	34.303497925242056	28.25317829267393	37.443323782084015
1415141520578	35.57856791194853	26.92059825609264	37.50083383195882
1415141535608	32.5553860136245	29.89963180058296	37.54498218579254
1415141550501	42.14185790893648	32.79733357873721	25.06080851232631
1415141565653	38.79471125024978	36.19840024955471	25.00688850019551
1415141580547	42.77029165348035	31.272184488856105	25.957523857663546
1415141595610	36.547382096488086	25.885091534925266	37.56752636858665
1415141610510	34.44697102209784	28.05637427505873	37.49665470284343
1415141625605	32.90838447171825	29.602405877816345	37.489209650465405
1415141640607	31.960587204134022	30.622656660133742	37.41675613573224
1415141655637	32.61609571326069	29.961431226146246	37.42247306059306
1415141670645	33.22856833206893	29.265674481327352	37.50575718660372
1415141685641	32.400558501354695	30.10697277700755	37.492468721637756
1415141700563	33.74234668272609	28.804482295761147	37.45317102151276
1415141715579	31.18301045203382	31.417779419714627	37.39921012825156
1415141730686	31.642721424047473	30.825479249611902	37.53179932634063
1415141745562	33.306985064691936	29.25010134085896	37.44291359444911
1415141760485	36.67484519219535	25.80764435455427	37.51751045325038
1415141775712	35.334759554153386	52.17352824081841	12.491712205028206
1415141790563	29.88935108153078	32.66597241606478	37.44467650240444
1415141805659	36.17353022104008	26.371287334294635	37.45518244466528
1415141820610	31.094813776531836	43.91773244561617	24.987453777852
1415141835709	43.619387134658794	31.401298649454418	24.979314215886788
1415141850471	43.9618150342899	31.003830167289745	25.034354798420356
1415141865458	48.194687317844945	26.772009029844032	25.033303652311023
1415141880553	45.71847360794177	29.238995513369638	25.042530878688595
1415141895575	47.75696337610151	27.29295985517362	24.95007676872487
1415141910555	46.935046514538406	28.100829036558455	24.96412444890314
1415141925665	44.53696232645965	30.443964793943177	25.01907287959717
1415141940784	45.47876991231503	29.46213667796134	25.05909340972363
1415141955733	35.861453669193125	26.64705757358334	37.491488757223536
1415141970645	30.821746732162186	31.779639115472705	37.39861415236511
1415141985610	35.212243092816195	27.27527582700506	37.512481080178745
1415142000573	36.681742838818224	25.798233756361256	37.52002340482052
1415142015578	36.43099439087204	26.025689491167725	37.54331611796024
1415142030548	36.11678491333672	26.35407095756424	37.52914412909904
1415142045594	35.3539815632866	27.230010283322407	37.416008153391
1415142060641	36.162220241714486	26.332791342735305	37.50498841555021
1415142075610	35.46063819145744	26.982623319271127	37.55673848927144
1415142090617	36.29344271843045	26.207390170695355	37.4991671108742
1415142105548	35.36508148098777	27.28124800755218	37.35367051146005
1415142120560	36.638099759305064	25.835219911290395	37.52668032940454
1415142135552	33.11240610592836	29.400934342310705	37.48665955176094
1415142150613	30.972883840234516	31.519580575676287	37.5075355840892
1415142165704	29.840823424667796	32.594350028920275	37.56482654641192
1415142180625	29.65576491588052	32.942229737023645	37.40200534709583
1415142195579	36.43927760715716	38.496456266727336	25.064266126115502
1415142210594	36.534970101770575	38.465024516085734	25.00000538214369
1415142225548	36.290490682453	26.167014777691513	37.54249453985549
1415142240594	35.61552557054806	27.034160739738432	37.35031368971351
1415142255563	47.1583282616489	27.726694777958283	25.11497696039282
1415142270548	49.13760795516061	25.83655953234021	25.02583251249918
1415142285516	48.911638919225354	26.062507296385213	25.025853784389433
1415142300594	48.478558678234876	26.495730580735085	25.02571074103004
1415142315592	36.33033328060345	26.91324374352135	36.7564229758752
1415142330594	36.607762621996606	25.852934564518876	37.53930281348452
1415142345517	35.901711789082235	26.58247021954749	37.51581799137027
1415142360594	36.964850907879395	25.48771593956591	37.547433152554696
1415142375633	35.084868634852384	39.88511764437255	25.030013720775067
1415142390610	27.832575763871	34.725733445930835	37.44169079019816
1415142405759	32.4573116789905	30.043260877687494	37.49942744332201
1415142420635	32.14853008441099	30.377369141036183	37.474100774552824
1415142435574	35.33609557235871	27.277558352182716	37.38634607545857
1415142450547	35.775804513286154	26.757612367496847	37.466583119217006
1415142465594	36.58929077659379	25.90567241681321	37.505036806593
1415142480591	36.44546021192603	25.97799877230272	37.57654101577125
1415142495641	36.511526968599235	25.977593231215103	37.51087980018566
1415142510579	35.1659682032861	27.447562278259852	37.38646951845405
1415142525594	36.24287790940534	26.26377581105111	37.49334627954355
1415142540641	36.22891756737642	26.25278684146336	37.51829559116022
1415142555599	34.21190827477557	28.37819468016493	37.4098970450595
1415142570610	33.013269320530775	29.660327312675207	37.32640336679401
1415142585562	36.16132013421142	26.35367271716668	37.4850071486219
1415142600609	35.14337350401013	27.36741508960977	37.4892114063801
1415142615626	36.537291032642685	25.97351766082332	37.489191306533996
1415142630641	36.60582182102306	38.355092289814536	25.0390858891624
1415142645610	35.30677789363921	27.34325896693155	37.34996313942924
1415142660604	36.706412073709664	25.78610983900596	37.507478087284376
1415142675578	36.368942400693726	26.11270286587186	37.518354733434414
1415142690641	36.61669165417291	25.84245509225454	37.54085325357255
1415142705643	31.42212152008397	31.176144833604063	37.40173364631196
1415142720726	33.05624734505535	29.440288662848133	37.50346399209653
1415142735641	35.587963078770294	39.40458811347574	25.007448807753974
1415142750579	36.29026212549039	26.16467184093728	37.545066033572326
1415142765748	36.12041806270941	38.81617767269796	25.063404264592627
1415142780562	43.78105738201305	31.270156721931066	24.94878589605588
1415142795580	38.217299490013104	26.1783490422662	35.6043514677207
1415142810602	32.259543257209536	42.74212195690953	24.998334785880928
1415142825596	35.59072414567785	26.952604203854555	37.45667165046759
1415142840685	35.12496663107314	27.543445918447368	37.331587450479496
1415142855692	35.81318333860312	26.664390656143965	37.52242600525291
1415142870588	36.301947266065156	26.174708945620722	37.52334378831412
1415142885596	36.33039596208626	26.168770149254357	37.500833888659386
1415142900661	34.250845879506855	28.32637817365225	37.42277594684089
1415142915582	33.06794852536177	29.46384008648002	37.46821138815821
1415142930502	36.43291920286834	26.020328515162255	37.546752281969404
1415142945577	36.550631592112396	25.94349935475487	37.505869053132734
1415142960575	48.24544598905538	14.19377201390445	37.560781997040166
1415142975531	59.90458428388257	2.7865593891764675	37.30885632694096
1415142990547	60.853362679138634	1.5941032795199845	37.55253404134138
1415143005527	59.77407253022092	2.712586797195172	37.51334067258391
1415143020559	61.33026226073074	1.1123356217316385	37.55740211753762
1415143035553	59.75761006184606	3.094572043431974	37.14781789472197
1415143050549	61.43322475570032	1.0625826786200392	37.50419256567964
1415143065565	61.29236722711503	1.2151181355807879	37.49251463730418
1415143080565	61.504273788815745	0.9773981903310442	37.51832802085321
1415143095587	58.83038987004332	3.6830480303832047	37.486562099573476
1415143110469	63.13974122920294	11.88607463805527	24.97418413274179
1415143125550	73.07797970379866	1.8845308035088628	25.037489492692476
1415143140564	74.06169515823866	0.9416432798278649	24.99666156193347
1415143155517	63.462888665997994	1.5988967018646534	34.93821463213735
1415143170470	60.21037389632761	14.85806439521621	24.93156170845618
1415143185545	61.73549093157117	0.7778450689622716	37.48666399946656
1415143200547	61.435951869573515	1.0382182135356643	37.52582991689082
1415143215485	61.24740713589524	13.75428875285446	24.998304111250302
1415143230509	59.20171845339195	3.335005252470495	37.46327629413756
1415143245532	60.681524710301694	1.886645733401295	37.43182955629701
1415143260625	56.0617485478485	6.381584785484833	37.556666666666665
1415143275638	23.794126692544907	38.70586915215297	37.50000415530212
1415143290710	22.785920080170364	39.66816806556235	37.54591185426728
1415143305685	21.810983673367545	40.89268672590922	37.29632960072323
1415143320750	19.896300495156797	42.609599678820366	37.49409982602284
1415143335616	20.256211632807748	42.548767169762925	37.19502119742933
1415143350657	22.762783794825616	39.756390541575605	37.48082566359877
1415143365661	22.83931071261916	39.940582646476194	37.22010664090465
1415143380642	23.80509129592846	38.64083021933819	37.554078484733346
1415143395738	33.21550646102543	41.68512505825143	25.09936848072314
1415143410606	31.97142833329166	43.089532615943284	24.93903905076506
1415143425563	35.96789132448286	39.03054343032929	25.00156524518785
1415143440609	35.40346289340651	39.63641384662324	24.960123259970242
1415143455564	36.37674755946079	38.61323475792429	25.010017682614922
1415143470625	36.4283629997082	38.523279212123335	25.048357788168467
1415143485594	36.273766791868276	38.68370129179161	25.042531916340117
1415143500545	33.24264057377731	41.832135099203754	24.92522432701894
1415143515605	36.26520073296685	38.680625377181165	25.05417388985198
1415143530512	36.54916821782426	38.449162333510415	25.001669448665325
1415143545625	36.520970713529465	38.44901105316008	25.030018233310457
1415143560654	36.2544469195731	38.74306039231204	25.002492688114863
1415143575602	35.35287893557283	39.64216614175824	25.004954922668926
1415143590642	36.74320282080848	50.747592098692955	12.50920508049857
1415143605591	35.18409217493952	39.77680195539426	25.039105869666212
1415143620526	36.55679855845033	38.425691720757605	25.017509720792063
1415143635524	35.20509358801273	39.84493611280873	24.94997029917854
1415143650598	36.493538974572736	50.96981534660476	12.536645678822506
1415143665548	36.1357976362016	38.82332971513692	25.040872648661477
1415143680639	36.439045452280915	38.54436399245366	25.016590555265424
1415143695619	35.82947188812125	39.16464505618549	25.005883055693257
1415143710570	42.81725487589021	44.63190961657217	12.55083550753762
1415143725472	48.982763374468405	38.51224219997119	12.504994425560406
1415143740516	49.10971567533354	38.355310476431555	12.534973848234909
1415143755548	39.34598277499209	48.07160013690187	12.582417088106043
1415143770558	35.37614678899082	39.68219267130201	24.941660539707165
1415143785539	36.00479764115976	38.9894049314879	25.005797427352345
1415143800647	36.19526524109432	38.76405387120478	25.040680887700905
1415143815625	36.046647327531595	38.94423919767161	25.009113474796795
1415143830575	35.187336503664824	39.81172397731807	25.000939519017106
1415143845610	36.340317798727476	38.63551391074221	25.024168290530312
1415143860596	36.758329720174764	38.231671269050665	25.009999010774575
1415143875578	36.304119675490185	38.66838199780728	25.027498326702535
1415143890520	36.32778702163061	38.63727694815012	25.034936030219267
1415143905545	35.59664258180786	39.4883425395502	24.915014878641944
1415143920642	36.44174837959116	38.524206765068364	25.034044855340476
1415143935594	36.3147702991453	38.65847244381622	25.026757257038472
1415143950589	36.470244553876974	38.490556513240115	25.03919893288291
1415143965578	35.21201560036511	39.84383138752236	24.944153012112533
1415143980548	36.621061082491465	38.35468724369179	25.024251673816742
1415143995594	36.33419689119171	38.62592716725386	25.039875941554424
