time	idle	user	header
1415169997327	85.22139160437033	14.778608395629675	0.0
1415170011814	86.11287908760946	1.3983528893995452	12.488768022990998
1415170026768	86.89919183326245	0.5957964174501225	12.505011749287428
1415170041784	85.57230495184665	1.8951959369829865	12.532499111170367
1415170056768	86.94923870559116	0.5449279610755102	12.505833333333333
1415170071768	86.90841221170511	0.5724211216282207	12.519166666666667
1415170086769	86.92781029566261	0.5796883155410875	12.492501388796303
1415170101815	86.07653948934824	13.910998726788945	0.012461783862820682
1415170116830	98.77958364225556	0.9345830244111071	0.28583333333333333
1415170131831	58.09401759189142	0.9212348244564623	40.984747583652116
1415170146831	49.40190889009294	0.597272874040776	50.000818235866284
1415170161783	48.87553848333097	1.138627294387554	49.985834222281476
1415170176878	48.59648100190689	1.4979899520147342	49.90552904607838
1415170191815	49.323772200450264	0.621998688093008	50.05422911145673
1415170206831	49.38947193070132	0.6246662655013466	49.985861803797334
1415170221846	49.3759119523075	0.5732155075959113	50.05087254009659
1415170236869	47.899774026319285	2.2592670476231973	49.84095892605752
1415170251800	49.134168426147696	0.8433120820614093	50.022519491790895
1415170266799	49.408550198260635	0.6030959479184261	49.98835385382094
1415170281768	49.29093683043344	0.6865619869945192	50.02250118257204
1415170296784	46.99307921014716	3.0619207898528416	49.945
1415170311784	49.18060117033159	0.7543988296684176	50.06499999999999
1415170326815	49.43492708602267	0.5791961542873665	49.985876759689965
1415170341815	49.37590154502931	0.5724797068178091	50.05161874815288
1415170356830	49.43603072258043	0.5797946192771377	49.98417465814243
1415170371816	48.03570982020056	1.9952095427161325	49.96908063708331
1415170386807	49.298563844835336	0.7014369851196278	49.99999917004504
1415170401784	49.40114012903656	0.5746569844100762	50.02420288655336
1415170416769	49.460332794776555	0.5805080460642813	49.959159159159164
1415170431768	47.980050290586334	2.1606240308724978	49.85932567854117
1415170446799	49.202171957760086	0.8802950737398945	49.91753296850002
1415170461815	49.3046987027712	0.6711487003069436	50.02415259692186
1415170476847	49.356230324633145	0.6329487723309839	50.01082090303587
1415170491846	49.083360428181976	0.930806238484692	49.98583333333333
1415170506822	48.17540121195978	1.8620280670645357	49.962570720975684
1415170521815	49.03855766987703	1.018969175984374	49.9424731541386
1415170536800	49.414449682653384	0.5237943960418079	50.06175592130481
1415170551877	49.297935496781506	50.67542447657847	0.02664002664002664
1415170566784	48.07098444302017	2.0101834598526835	49.918832097127144
1415170581846	49.42844040521949	0.586517001045884	49.985042593734626
1415170596869	49.44012130705014	0.5607107504616735	49.999167942488185
1415170611816	49.063885832416396	0.9402978086484097	49.995816358935194
1415170626854	48.77924889666084	1.2864446388894777	49.93430646444968
1415170641815	48.55021127993132	1.4364625807084224	50.01332613936026
1415170656815	49.37654614058322	0.5884438494067723	50.035010010010005
1415170671893	47.56620197438634	2.4354079499875994	49.99839007562606
1415170686847	42.90734372007427	7.068470370845276	50.02418590908045
1415170701830	42.20057335244508	7.891185356455495	49.90824129109942
1415170716862	45.269707469847404	4.680311176929365	50.04998135322323
1415170731815	49.01751548548991	0.9700335423074193	50.01245097220267
1415170746815	49.42943293129873	0.5472452786107027	50.02332179009057
1415170761831	48.41371721987897	1.6520593439675508	49.93422343615348
1415170776831	49.07014899269611	0.9056905562294801	50.02416045107441
1415170791799	49.3180378163871	0.6828560157102714	49.99910616790263
1415170806784	49.30500612127622	0.6441087704441273	50.05088510827965
1415170821800	49.389252511777215	0.602358708179338	50.00838878004345
1415170836815	48.1805312682155	1.831216698700615	49.98825203308388
1415170851799	49.18121633565127	0.7954324637411503	50.02335120060758
1415170866815	49.31115479442927	0.638834361393215	50.050010844177514
1415170881815	49.440122731100494	0.5748612859479891	49.985015982951516
1415170896799	46.80484311504897	3.1701337974591084	50.025023087491924
1415170911798	49.42141594691033	0.5885801810121549	49.990003872077516
1415170926814	49.401544240748294	0.548393226502732	50.050062532748974
1415170941782	49.31826710586665	0.6308844908922282	50.05084840324112
1415170956861	49.15522395516733	0.8730189752211999	49.97175706961147
1415170971798	46.64840289111681	3.3775498657837986	49.97404724309939
1415170986845	48.672175297874645	51.31449136879202	0.013333333333333334
1415171001782	49.11750251963651	0.7933066526528947	50.089190827710595
1415171016923	36.611616410034095	15.373657944117348	48.01472564584856
1415171031891	34.22450542862852	15.828800292083173	49.94669427928831
1415171046908	36.82492087289688	13.140907287886172	50.034171839216945
1415171061938	36.78448441187016	13.214663884330307	50.00085170379953
1415171076907	36.79305778791942	13.170261974627351	50.036680237453226
1415171091829	36.01684315850913	14.011671034318503	49.971485807172364
1415171106845	36.21279892051275	13.80300422280105	49.9841968566862
1415171121907	36.87406926731059	13.087702132125663	50.03822860056375
1415171136845	36.83498873215925	13.181758748529191	49.983252519311556
1415171151876	36.858104169095725	13.07779326680172	50.064102564102555
1415171166852	35.83077345720636	14.271822214901384	49.897404327892254
1415171181845	36.91508521495514	13.074088948576595	50.010825836468264
1415171196845	36.85026764720597	13.139738026200703	50.00999432659333
1415171211846	36.67632753681125	13.289483162896687	50.03418930029206
1415171226854	35.665895434192784	14.452160216619731	49.88194434918749
1415171241862	37.01406431066537	12.947581900647329	50.0383537886873
1415171256799	36.849433855287074	13.166447734136987	49.98411841057594
1415171271893	36.89755398799064	13.039218297113017	50.06322771489634
1415171286800	36.823499003643576	13.179054860770684	49.99744613558574
1415171301862	35.66737967024278	14.449167252527388	49.88345307722983
1415171316893	36.83003893256413	13.146642956833553	50.02331811060232
1415171331846	36.69559712805477	13.26767816134435	50.03672471060088
1415171346853	36.991903778236825	13.006433766649472	50.0016624551137
1415171361857	35.58284759236008	14.57575506245201	49.84139734518791
1415171376877	36.89966912870559	13.130245381869742	49.97008548942467
1415171391878	36.83750218646143	13.115820538231056	50.046677275307516
1415171406832	36.21302859427448	13.725279475843259	50.06169192988226
1415171421881	36.46404694820026	63.522621496007176	0.013331555792560991
1415171436756	54.426818915724816	33.040666890621125	12.532514193654059
1415171451826	53.79695245699837	19.46313229920364	26.73991524379799
1415171466849	49.35530384483952	13.1705851406821	37.47411101447838
1415171481831	49.329720716965404	13.157764265012972	37.512515018021624
1415171496846	46.20315417444652	16.343438342310677	37.453407483242806
1415171511838	48.74016075965182	13.759839240348178	37.5
1415171526768	49.38841872681036	13.07569804019483	37.53588323299481
1415171541862	49.44308679533855	13.012884494619577	37.54402871004187
1415171556877	48.6572025052192	13.902021097765974	37.44077639701482
1415171571831	40.39731789596435	13.742675874220744	45.86000622981491
1415171586862	36.92288453522301	13.080447075773279	49.99666838900371
1415171601799	36.850215310805524	13.098071697060156	50.05171299213432
1415171616769	36.91613720879817	13.100519690509238	49.98334310069259
1415171631830	35.59793008203131	14.438703875504913	49.963366042463775
1415171646862	36.81160628673865	13.191751291224627	49.99664242203672
1415171661846	36.83359854701781	13.116467190415548	50.049934262566644
1415171676901	36.99672742715819	13.01826374549222	49.98500882734959
1415171691815	35.44699324239874	14.669029232268961	49.88397752533229
1415171706830	36.884931552531974	13.130914268313852	49.984154179154174
1415171721784	36.83697607783035	13.104632642416213	50.05839127975344
1415171736847	36.88475390156062	13.127735385036281	49.9875107134031
1415171751830	36.858411133227285	13.074917755365277	50.06667111140744
1415171766878	35.699284964248214	14.514034147810975	49.786680887940804
1415171781862	36.81650061644064	13.131842593119977	50.05165679043938
1415171796846	36.897040433513965	13.116300018523766	49.98665954796227
1415171811853	36.7752250414276	13.224774958572397	50.0
1415171826831	35.68084893716266	14.441166060980407	49.87798500185693
1415171841815	36.729017106117894	13.234316227215444	50.03666666666666
1415171856831	37.02215627761199	12.992010389054677	49.98583333333333
1415171871830	36.876561719140426	50.57765073507203	12.545787545787546
1415171886847	35.91497658606496	14.168351192083158	49.916672221851876
1415171901830	36.334555148283904	13.677112296212393	49.9883325555037
1415171916862	36.92689797721344	13.06556070594364	50.00754131684292
1415171931831	36.600179964007204	13.348986702659467	50.05083333333333
1415171946877	36.8787823216578	13.097103459227988	50.02411421911421
1415171961832	35.67575217702593	14.419343753015958	49.904904069958114
1415171976784	36.90103971251574	13.109794343087977	49.989165944396284
1415171991815	36.902996884839	25.554547568576524	37.54245554658448
1415172006831	36.88657214345288	13.102581203200465	50.010846653346654
1415172021862	35.832253347954676	14.258425048729123	49.9093216033162
1415172036815	36.86259765217028	13.136575664314954	50.00082668351477
1415172051877	36.68029885306391	13.270546911453941	50.04915423548215
1415172066846	36.81160628673865	13.19258059994985	49.9958131133115
1415172081869	36.940043647025504	13.059956352974496	50.0
1415172096878	35.85212353603134	14.267126378467715	49.88075008550094
1415172111846	35.34711755448043	14.62788910552623	50.02499333999334
1415172126822	36.97993453109773	13.019231635268746	50.00083383363352
1415172141862	36.884842724824715	13.081804823941205	50.03335245123408
1415172156878	35.85122699386503	14.268773006134978	49.879999999999995
1415172171846	36.62521965804136	13.32303710356262	50.05174323839602
1415172186791	36.965774590402894	13.033392464971264	50.00083294462584
1415172201878	36.8902006886949	13.100637477201595	50.00916183410351
1415172216862	36.565360185385856	13.47553681283118	49.959103001782964
1415172231878	35.87927906938042	14.175749727403392	49.94497120321618
1415172246831	36.849345906600966	13.15148570439532	49.999168389003714
1415172261862	36.87551017008446	13.073603997918745	50.050885831996794
1415172276830	36.76653193883078	13.219315547016706	50.014152514152514
1415172291784	35.454008108625615	14.654433666482824	49.89155822489156
1415172306831	36.584328862137674	50.89652489385593	12.519146244006393
1415172321799	36.83148671518729	13.115176395686767	50.053336889125944
1415172336878	36.88073241642439	13.110088209740937	50.00917937383468
1415172351784	36.09110310790983	13.984774492419248	49.92412239967092
1415172366893	36.52740449821519	13.55334270476829	49.91925279701652
1415172381799	36.835296179752774	13.100462784395127	50.0642410358521
1415172396850	36.87218695663025	13.169414265019896	49.95839877834985
1415172411830	36.64006811011134	13.29484510751216	50.0650867823765
1415172426878	35.467516899204156	27.122326171212087	37.410156929583756
1415172441877	36.381373243840414	13.56528319280332	50.053343563356265
1415172456878	37.149330312520824	12.879024708277804	49.97164497920137
1415172471862	36.754787451333485	13.196044159662812	50.049168389003704
1415172486830	35.64988636458238	14.503419818459115	49.8466938169585
1415172501862	36.88317534952355	13.072700992753283	50.04412365772317
1415172516831	36.823868463575934	13.176205673760599	49.99992586266347
1415172531862	36.68831439504464	13.23512122727994	50.07656437767542
1415172546862	36.81248805140183	13.188317810676075	49.999194137922096
1415172561908	35.841965349711245	14.251348003602104	49.90668664668665
1415172576831	36.79299610245453	13.144371165966533	50.06263273157894
1415172591877	36.87731414069975	13.151792372506286	49.97089348679396
1415172606847	36.887045213631694	13.061181120792789	50.05177366557552
1415172621802	35.659624784538394	14.49467560913613	49.845699606325475
1415172636815	36.95328176648377	13.065846145088415	49.980872088427816
1415172651862	36.73307901181096	13.268587654855708	49.998333333333335
1415172666893	36.81957492171364	13.115498822260761	50.0649262560256
1415172681862	36.33030128381821	13.74989923956042	49.91979947662137
1415172696800	36.14331401159304	13.9100193217403	49.94666666666666
1415172711846	35.51090173844166	14.502471694942955	49.986626566615385
1415172726838	36.979626513851635	13.020373486148365	50.0
1415172741815	36.80159444944795	50.647494153075925	12.550911397476131
1415172756802	35.76358284412366	14.296377199557824	49.940039956318515
1415172771846	36.667000534188034	13.31211208384888	50.020887381963085
1415172786838	36.850741296018654	13.152590260484544	49.9966684434968
1415172801799	36.736548159879966	13.255087895994421	50.00836394412561
1415172816800	36.077151137612844	13.947848862387161	49.974999999999994
1415172831815	55.897474481478696	19.050937996769104	25.0515875217522
1415172846818	61.93052249612997	13.038657715378655	25.030819788491378
1415172861784	62.043734860529575	25.460445741477113	12.495819397993312
1415172876784	61.92208225577709	13.051292783349119	25.02662496087379
1415172891800	46.74502111247797	14.851587920634309	38.40339096688772
1415172906877	36.64066207631528	13.332698285241314	50.026639638443406
1415172921862	30.729365964030812	19.275631366473192	49.99500266949599
1415172936799	39.33561472331191	23.080038614805467	37.58434666188262
1415172951800	41.79043523195146	20.781306624694295	37.42825814335424
1415172966815	60.46868101200443	14.442146092462554	25.089172895533014
1415172981815	61.936398116117196	13.063588120342136	25.000013763540668
1415172996799	61.79405874499333	13.180929186967816	25.025012068038855
1415173011800	49.845232151772336	13.593917632665153	36.56085021556251
1415173026846	36.04789621376766	13.976274675402728	49.975829110829615
1415173041869	36.73330001665834	13.267532872467463	49.9991671108742
1415173056815	36.97426449133396	12.991554560004694	50.034180948661344
1415173071847	36.818761619715374	13.157878740612922	50.0233596396717
1415173086815	35.575178520898184	14.525797225421684	49.899024253680125
1415173101893	36.872200197804204	13.11782016210136	50.009979640094436
1415173116784	36.92662466788095	13.038226308539045	50.035149023580004
1415173131861	36.68892612693728	13.286042401333631	50.025031471729086
1415173146862	36.16348801038019	13.892370011328929	49.94414197829088
1415173161784	36.49132470393831	13.52282864271504	49.98584665334665
1415173176866	36.87836454857846	13.060883121195175	50.060752330226364
1415173191843	36.965204412610795	13.033961753755683	50.00083383363352
1415173206846	36.85079418018093	13.110844240763264	50.03836157905581
1415173221807	35.87850436172338	14.224780771880944	49.89671486639568
1415173236783	36.88719974662866	13.089431979891366	50.023368273479974
1415173251831	36.758329720174764	13.233305650346992	50.008364629478244
1415173266768	36.84210526315789	13.09543647010441	50.0624582667377
1415173281847	35.855063043242744	14.26332412306575	49.8816128336915
1415173296848	36.88506158753425	13.068313033110442	50.046625379355305
1415173311831	34.9242928452579	40.073207557031154	25.002499597710955
1415173326815	36.96232745238771	12.985883303299516	50.05178924431277
1415173341768	36.91530341687928	13.11219697192383	49.97249961119689
1415173356815	35.719872200219655	14.426079421332382	49.85404837844796
1415173371815	36.6696405493067	13.33283813920422	49.99752131148908
1415173386831	36.84885638608006	13.074541825990245	50.0766017879297
1415173401862	36.889763451260286	13.097728946178776	50.01250760256094
1415173416830	35.834540640455614	14.127980715657571	50.037478643886814
1415173431862	36.79887937431733	38.177788847801196	25.023331777881474
1415173446846	36.87050809064184	13.093618867335898	50.03587304202226
1415173461823	36.96765756836222	13.03067470887072	50.00166772276706
1415173476830	36.63212823954052	13.34285842001124	50.02501334044824
1415173491893	35.74835075358514	14.51533133444483	49.736317911970026
1415173506815	36.599712576451324	13.350085775070191	50.050201648478485
1415173521784	36.89836005435915	13.102508441398193	49.999131504242655
1415173536831	36.967349658504084	12.995196501175784	50.03745384032013
1415173551831	35.76315679819992	14.341100631947782	49.89574256985229
1415173566861	36.87550026680896	13.086197993626662	50.038301739564375
1415173581862	36.842149090666844	13.163691861277705	49.99415904805545
1415173596799	36.7712780149413	13.17615165741472	50.05257032764398
1415173611862	36.051748682556465	14.015650597045592	49.93260072039794
1415173626831	36.36401530625005	13.61012416513092	50.02586052861903
1415173641862	36.849251170306694	13.139093319070028	50.01165551062328
1415173656846	36.85346803704352	13.094851058881034	50.05168090407545
1415173671838	36.86430806097317	13.137357717278434	49.998334221748394
1415173686799	35.92813871597603	14.191822266554937	49.88003901746903
1415173701831	36.89149804313432	13.112668845739755	49.995833111125926
1415173716815	36.91046879038242	13.038656943733976	50.05087426588361
1415173731831	36.73246709978344	13.255873352254284	50.011659547962275
1415173746784	35.839981327264695	39.132586996027015	25.02743167670829
1415173761830	36.83794071347065	13.176225953196017	49.98583333333333
1415173776847	37.030984224393826	12.933202311190364	50.03581346441581
1415173791877	36.85307427242911	13.147762648824788	49.9991630787461
1415173806893	36.848687995597466	13.075485275524422	50.07582672887811
1415173821848	35.61108746275384	14.541125262101218	49.84778727514495
1415173836800	36.92842610812794	13.028292511590173	50.04328138028189
1415173851831	36.74142425277114	13.219372167841648	50.03920357938721
1415173866846	36.846054441619074	38.153112613962406	25.000832944418516
1415173881791	35.69473220006157	14.437646499760845	49.86762130017759
1415173896846	36.818894224356406	13.170267385285491	50.0108383903581
1415173911854	35.4856443189485	14.530181463330834	49.984174217720664
1415173926815	36.87611519669151	13.11304735833999	50.0108374449685
1415173941846	36.49476980478379	13.545188017539509	49.9600421776767
1415173956776	36.192052704692344	13.886375038285884	49.92157225702177
1415173971767	36.81950812838683	13.181324760738974	49.9991671108742
1415173986753	48.627333283312076	1.325951664962858	50.046715051725066
1415174001831	49.481917073414515	0.5463652170028439	49.97171770958264
1415174016768	48.23593163818258	1.8675182772518895	49.89655008456553
1415174031784	49.46102197564186	0.5031450243359288	50.03583300002221
1415174046753	49.44866270492828	0.5521710173198713	49.99916627775185
1415174061768	49.43394340267076	0.5018899306625784	50.064166666666665
1415174076753	48.523087181196864	1.6094128188031362	49.8675
1415174091752	48.9029205471236	1.0562037415621433	50.04087571131426
1415174106815	49.45275705414079	0.5797244095935454	49.967518536265665
1415174121800	49.39045715713215	0.572914802110887	50.036628040756966
1415174136768	49.48053897208418	0.5578236138963675	49.96163741401945
1415174151846	48.251480349454084	1.776890605416611	49.971629045129305
1415174166807	49.363640906895	0.6363581485972816	50.00000094450772
1415174181768	49.37550026680896	25.58781772876353	25.036682004427508
1415174196847	49.45302337991529	0.5486215733826185	49.998355046702095
1415174211830	47.69348646240204	2.3840744872593476	49.92243905033861
1415174226769	49.41606995490277	0.6131401431360786	49.970789901961155
1415174241752	60.84745197438634	14.08754369199142	25.06500433362224
1415174256753	74.14800714655446	0.7894881416001098	25.062504711845428
1415174271753	74.15227818742571	0.8343813605365682	25.013340452037724
1415174286783	49.928452579034946	25.110674960092595	24.96087246087246
1415174301784	49.39562316208629	50.565173581541096	0.03920325637261444
1415174316831	49.4669278539574	25.50813118270868	25.02494096333392
1415174331831	40.11227906511853	25.945994093250732	33.94172684163074
1415174346768	26.836363030196953	35.70781091473271	37.45582605507034
1415174361815	47.77737983191878	27.146815196442915	25.075804971638306
1415174376737	49.42182797402186	25.579005359311473	24.999166666666667
1415174391784	49.38905038356142	25.560128714289764	25.050820902148818
1415174406768	48.62316547002282	26.362669530088297	25.014164999888884
1415174421753	48.57873176580297	26.450431234441456	24.970836999755573
1415174436753	49.40092550131321	25.573242887690505	25.025831610996285
1415174451830	41.66062937703499	25.876037289631682	32.46333333333333
1415174466834	24.349428430873903	25.68057605211733	49.96999551700877
1415174481862	23.44934055992231	26.654515078756	49.896144361321696
1415174496831	24.376798500970352	25.63911056934557	49.98409092968408
1415174511799	22.8411769114818	27.106281266129884	50.05254182238832
1415174526831	24.42349057075684	25.59317432002632	49.98333510921684
1415174541834	23.56317058970307	26.565000393717924	49.871829016579
1415174556815	24.179116935147317	25.838379334772668	49.98250373008001
1415174571846	24.23308539967849	25.71524793365485	50.05166666666666
1415174586838	24.46470955652717	25.53862199997603	49.9966684434968
1415174601857	24.440720080713078	25.583441753586726	49.975838165700196
1415174616831	23.354950569327976	26.88676311116857	49.75828631950346
1415174631815	24.454013893284912	25.50679096612074	50.03919514059435
1415174646831	24.37610999474707	25.637223338586267	49.986666666666665
1415174661830	24.337425663407238	25.639241003259436	50.02333333333333
1415174676818	23.397163475159573	26.786133463176903	49.816703061663524
1415174691831	24.16960660320841	25.755426698149435	50.07496669864216
1415174706784	24.115049787578563	25.900797669150293	49.98415254327115
1415174721819	24.416098782689733	25.534789369284667	50.0491118480256
1415174736862	24.226426406421744	25.787714806062446	49.9858587875158
1415174751831	23.630051242676636	26.450164470702738	49.91978428662062
1415174766846	24.41489139950807	50.6100898418876	24.97501875860433
1415174781838	24.454217579982842	25.54911397652036	49.9966684434968
1415174796784	24.375072956792902	25.62658198815963	49.998345055047466
1415174811846	23.298544882099634	26.922941989310722	49.778513128589644
1415174826854	24.438417251822024	25.56407875456776	49.99750399361022
1415174841877	24.350163083272317	25.637355168824023	50.01248174790366
1415174856815	24.38451834958188	25.620497030918322	49.994984619499796
1415174871831	23.811070307360495	26.28226302597284	49.906666666666666
1415174886831	23.67345917822839	51.299041655160494	25.02749916661111
1415174901846	24.476439790575917	25.474393542757426	50.049166666666665
1415174916838	24.39050772994292	25.612823826560273	49.9966684434968
1415174931831	24.110592771245212	25.850180414305967	50.039226814448824
1415174946833	23.411591281970136	26.704216279087987	49.88419243894188
1415174961851	24.33808723436122	25.631977068591432	50.02993569704736
1415174976902	24.391357778663476	25.55958735838602	50.049054862950506
1415174991831	24.327766651863147	25.66891172985089	50.003321618285966
1415175006815	23.34376977650468	26.812869305182467	49.84336091831286
1415175021882	24.440997909962512	25.537431770796772	50.02157031924072
1415175036819	24.424572773019182	25.562037657455484	50.01338956952534
1415175051877	24.248368729479242	25.71590036578101	50.03573090473975
1415175066815	24.318521674477665	25.698196260522998	49.98328206499934
1415175081831	23.24306307807683	27.04445112899119	49.71248579293198
1415175096830	22.19158913534179	27.8450799759323	49.96333088872591
1415175111873	16.38188025647431	33.634773087517154	49.98334665600853
1415175126831	18.27520365537425	31.68893671423013	50.03585963039563
1415175141846	19.42688158607189	30.740629581339277	49.83248883258884
1415175156823	24.42924846536344	25.57325020201396	49.9975013326226
1415175171873	24.11735827390809	25.869311058892023	50.013330667199895
1415175186844	24.313280741840256	50.638343387389725	25.048375870770013
1415175201830	24.213319537045535	25.836722108549516	49.94995835440495
1415175216815	23.593587341245055	26.488907159121588	49.91750549963336
1415175231831	24.332638599416423	25.657361400583575	50.01
1415175246877	24.37786985294728	25.569792366422753	50.05233778062996
1415175261815	24.341500125428546	25.67523121161767	49.983268662953776
1415175276836	23.394132960717286	26.699034382851274	49.90683265643144
1415175291827	24.324617283127107	25.676216494887832	49.99916622198506
1415175306831	24.362362946596072	50.61759965025137	25.02003740315255
1415175321893	24.34599787262332	25.693021691917338	49.96098043545935
1415175336816	21.448737867321537	28.72759769715129	49.82366443552717
1415175351808	24.07408949704758	25.9900472391422	49.93586326381022
1415175366825	24.37674054063068	25.578236102636538	50.045023356732784
1415175381815	24.320358807199487	25.701322313547678	49.97831887925284
1415175396831	24.39103632122626	25.558172078702704	50.05079160007103
1415175411849	23.26182260672434	26.890517692946098	49.847659700329565
1415175426815	24.391666180721586	25.60165914300022	50.006674676278195
1415175441800	24.4114116116984	25.590247951434257	49.998340436867345
1415175456836	24.42857974921578	25.53563634913425	50.03578390164998
1415175471843	23.536619929644388	26.59595077473128	49.86742929562433
1415175486843	23.885278773910656	26.053086582540743	50.0616346435486
1415175501816	24.468609322409026	25.543881969047867	49.98750870854311
1415175516823	24.480871585996653	25.516629580125816	50.00249883387753
1415175531831	24.14983284283892	25.801025924403746	50.049141232757336
1415175546830	23.358314597385295	26.823303232485074	49.81838217012964
1415175561816	24.38412978663158	25.610846467021048	50.005023746347376
1415175576839	24.519948305332054	25.480885472682893	49.99916622198506
1415175591842	24.320407755346793	25.639572669110557	50.04001957554265
1415175606831	23.40492919594262	26.794383633465607	49.800687170591765
1415175621849	24.372267332916927	50.60443992319484	25.02329274388824
1415175636883	24.366018069835675	25.634774300120448	49.99920763004388
1415175651862	24.14958605955401	25.86042623290357	49.98998770754242
1415175666833	24.101695198190455	25.93422091786617	49.964083883943374
1415175681774	23.746554638643005	26.316752689216216	49.93669267214078
1415175696846	24.44010872646622	25.557389550381473	50.00250172315231
1415175711885	22.852193610713215	27.173627672687864	49.97417871659892
1415175726831	23.622749747771635	26.355546749642144	50.02170350258622
1415175741817	23.400780026000866	51.653385584839945	24.945834389159195
1415175756831	24.383176091463973	25.545981129498827	50.07084277903719
1415175771835	24.12283992297497	25.843836129910983	50.03332394711404
1415175786815	24.412242348532168	25.60276165253478	49.984995998933044
1415175801847	23.759066277615673	26.334294581911948	49.90663914047238
1415175816799	24.026720418464407	26.060756936641205	49.91252264489439
1415175831850	24.427786106946527	25.58967727876047	49.982536614293004
1415175846877	24.416903562582082	25.520708735281765	50.06238770213616
1415175861846	24.387755102040817	25.615588484959325	49.99665641299986
1415175876776	29.210031139160407	45.88086488669447	24.90910397414513
1415175891815	46.79449770737808	25.851852258039745	27.353650034582177
1415175906830	24.06473622898985	25.87366812834211	50.06159564266803
1415175921878	24.387484297135632	25.616700908750857	49.995814794113514
1415175936816	23.444592790387183	26.741812184870263	49.81359502474255
1415175951839	24.517855802823245	25.494638366564374	49.98750583061238
1415175966841	24.350486926360727	25.643639206648068	50.0058738669912
1415175981828	24.375921437317274	25.581582837055322	50.042495725627404
1415175996816	24.374645632525098	25.603669908470422	50.021684459004476
1415176011824	23.260712115283756	26.841740073694723	49.897547811021525
1415176026796	30.592982924226252	44.32112252530034	25.08589455047341
1415176041787	49.48781584689442	25.49967664860288	25.0125075045027
1415176056776	49.376535754445875	25.619299712192973	25.004164533361152
1415176071799	48.46295662909913	26.550383819139928	24.98665955176094
1415176086784	49.45570492647242	25.506049975579558	25.03824509794802
1415176101768	49.43919840081632	25.534900889889	25.025900709294678
1415176116784	49.44069165993387	25.510158532951273	25.04914980711486
1415176131831	47.87907038689485	26.36751985246976	25.75340976063539
1415176146815	23.79947977456898	26.213867796173147	49.98665242925787
1415176161815	24.03077512982737	25.94589904434681	50.02332582582583
1415176176803	24.632092678498555	25.342899533567575	50.02500778793387
1415176191823	24.378059829272956	25.585382321387286	50.03655784933976
1415176206846	23.379091340984672	26.8308015407859	49.79010711822943
1415176221822	24.453310185958003	25.5491928182037	49.9974969958383
1415176236841	24.37287627423546	25.66706890649131	49.960054819273225
1415176251815	24.127569715129916	25.813163390754966	50.059266894115126
1415176266862	23.5551460211519	26.615200128236395	49.829653850611706
1415176281865	24.16486732082267	25.898520949011186	49.93661173016615
1415176296805	24.37375712304273	25.58114141578171	50.045101461175555
1415176311815	24.337349397590362	25.658445867736333	50.00420473467331
1415176326815	22.856262337683972	52.09123766231603	25.0525
1415176341799	23.35869211988901	26.86646348864911	49.774844391461876
1415176356784	24.388212364024056	25.54931224058369	50.062475395392255
1415176371819	24.260369815092453	25.754564346794282	49.98506583811327
1415176386854	24.376754375005206	25.599093165620964	50.02415245937383
1415176401815	23.417695112690982	26.701058471385828	49.881246415923194
1415176416769	24.359925633821604	25.601733914140674	50.03834045203772
1415176431830	24.416294707794098	25.59783257246516	49.98587271974075
1415176446815	24.41304747422422	25.511763492966075	50.07518903280971
1415176461833	24.40341476402849	25.594097109427217	50.002488126544286
1415176476800	23.48273070921335	26.654217571583516	49.86305171920314
1415176491815	24.182919523397455	25.803727188523695	50.01335328807885
1415176506815	24.19027748800334	25.78386242874202	50.025860083254635
1415176521784	24.128136999308673	25.82346083670012	50.0484021639912
1415176536799	23.39490838765609	26.65665792463806	49.94843368770585
1415176551831	24.395240196854	25.584704336562673	50.02005546658332
1415176566831	24.220215613196928	50.73977676806534	25.040007618737732
1415176581768	24.350303191843807	25.640568196111722	50.00912861204447
1415176596799	24.04411213083598	26.087522068298213	49.8683658008658
1415176611815	23.607411600186456	26.55160194719666	49.84098645261689
1415176626849	24.401750649004857	25.55583217923197	50.04241717176318
1415176641815	24.411840798511136	25.59481157830068	49.993347623188185
1415176656846	24.375827304589613	25.6233348793315	50.00083781607888
1415176671823	23.47349390563947	26.70915870851828	49.81734738584225
1415176686862	24.334217992129588	25.640781196658686	50.02500081121172
1415176701799	24.41428583352113	25.521414614070558	50.06429955240831
1415176716800	23.774229855350367	26.23077175375117	49.99499839089846
1415176731861	23.53615198113521	26.502853463028913	49.96099455583588
1415176746847	24.163804315203254	25.840394103600865	49.995801581195884
1415176761799	24.358599487046675	50.60212414216344	25.039276370789885
1415176776815	24.14184113326163	25.836490144653162	50.0216687220852
1415176791818	24.463655140249184	25.495507238702707	50.040837621048105
1415176806806	23.359230730838977	26.75718743163832	49.883581837522705
1415176821814	24.439937232905983	25.560062767094024	50.0
1415176836815	24.45039141635195	25.569580615700595	49.98002796794746
1415176851815	24.19111707044881	25.75633660497426	50.05254632457693
1415176866850	23.3511186463216	26.768545547955952	49.88033580572245
1415176881815	24.426786414817165	25.573213585182828	50.0
1415176896834	24.416125270697982	25.545585452163984	50.03828927713803
1415176911806	24.34900067538835	25.676854175770806	49.97414514884084
1415176926782	22.432376109698662	27.58264614718592	49.984977743115415
1415176941802	23.686047671287525	26.342284258456694	49.97166807025578
1415176956831	20.71287724340764	29.35626667571762	49.93085608087475
1415176971815	24.190284243751716	25.77221403391124	50.03750172233704
1415176986830	24.203216313327943	25.773459178980147	50.02332450769191
1415177001815	23.295071460083072	51.74578050536369	24.95914803455323
1415177016803	24.36405737227007	25.5851546662024	50.05078796152753
1415177031782	24.270646600241797	25.72430407843119	50.00504932132701
1415177046828	24.45428318908733	25.557390485106353	49.98832632580631
1415177061859	23.67706976242438	26.43927218110104	49.88365805647458
1415177076812	24.009692108451354	26.042934372569896	49.94737351897874
1415177091845	24.256247190637122	25.69798199287309	50.045770816489785
1415177106827	23.916831319977657	26.06649558906851	50.01667309095383
1415177121812	24.359978013558305	25.593350536087712	50.04667145035398
1415177136797	23.39493109826204	26.763352510333227	49.841716391404724
1415177151860	24.326411318780774	25.664460702369233	50.009127978849996
1415177166812	24.38447721291616	25.585421508479335	50.03010127860451
1415177181796	24.42780552475132	50.52219447524868	25.05
1415177196801	23.52745451974346	26.647757564569375	49.82478791568717
1415177211844	24.414871884667015	25.583447706920836	50.001680408412156
1415177226827	24.189245518966235	25.770706763134655	50.040047717899114
1415177241828	24.34968336020478	25.69357899159951	49.95673764819571
1415177256828	24.414038071891337	25.52178191387126	50.0641800142374
1415177271812	23.33558338958474	26.887967259289354	49.776449351125905
1415177286828	24.3870581286034	25.628762903623155	49.984178967773445
1415177301875	24.428965654819297	25.49281730523616	50.07821703994455
1415177316843	24.364956801202055	25.62168136020896	50.013361838588985
1415177331844	23.343470110393667	26.964343013466497	49.692186876139836
1415177346829	24.232104700854702	25.759558962453077	50.00833633669222
1415177361862	24.364584457748293	25.574778848946202	50.060636693305504
1415177376814	24.114050568329137	25.909363045650956	49.97658638601991
1415177391799	24.401324657602636	25.578697983404233	50.01997735899314
1415177406860	23.534254777705705	26.593052771398376	49.87269245089591
1415177421830	24.414266278264208	50.54816403183424	25.037569689901552
1415177436846	24.400186349871884	25.53825705170204	50.06155659842607
1415177451790	39.986812122830884	34.95976550655142	25.053422370617696
1415177466798	26.33130428265703	26.96440037951865	46.70429533782432
1415177481798	28.703155119036694	21.323511547629977	49.97333333333333
1415177496751	49.370241407460476	0.5521699859453122	50.07758860659421
1415177511798	49.46553937999233	0.5502508313945782	49.98420978861309
1415177526798	47.15136691126308	2.9561242093194053	49.89250887941751
1415177541782	48.908762375825404	1.130431875820797	49.9608057483538
1415177556783	49.41508033786094	0.5766002883355483	50.00831937380351
1415177571751	49.37613486814706	0.5688303164548714	50.055034815398066
1415177586767	49.31004293992579	0.6949825308499626	49.994974529224244
1415177601813	48.28542402238358	1.7778194283310995	49.93675654928532
1415177616751	49.41384428102123	0.5260956589187202	50.06006006006005
1415177631720	49.42902121492291	0.5985355921396476	49.97244319293744
1415177646783	49.487824377894	0.46130046638433697	50.05087515572166
1415177661704	52.61572857488467	22.501004269593626	24.883267155521704
1415177676720	74.38393214905837	0.5261513174662298	25.089916533475403
1415177691705	74.44126504767705	0.5462349523229513	25.0125
1415177706813	52.6014486140265	0.6034685077657471	46.79508287820775
1415177721798	49.27258006627326	0.6773940745342202	50.05002585919252
1415177736751	48.30494377536762	1.8514212795823397	49.84363494505004
1415177751783	49.47983041388674	0.4710758021917698	50.04909378392149
1415177766813	49.44700499237392	0.5538265630631116	49.99916844456297
1415177781783	47.557847040597046	2.420477950171559	50.021675009231394
1415177796820	11.174801787036499	38.88674966568111	49.93844854728239
1415177811798	11.888187767094017	38.09011123694468	50.0217009959613
1415177826802	11.706114562686343	38.30973539261458	49.984150044699085
1415177841814	12.002767496915741	37.998046068024166	49.999186435060096
1415177856814	11.654382677493233	38.465643130032575	49.879974192474194
1415177871801	11.444107654386784	38.64249453986487	49.913397805748346
1415177886813	11.940833632111262	63.02920122834337	25.029965139545368
1415177901830	11.876154499009834	38.063037865079416	50.060807635910756
1415177916798	11.938878549909452	38.112022412005544	49.94909903808501
1415177931799	11.273469047916407	38.98066732964507	49.74586362243852
1415177946768	21.255023596311304	41.22836245178154	37.51661395190715
1415177961784	24.41506950865006	38.040763824683275	37.54416666666666
1415177976788	24.269402779975515	38.22226610832095	37.50833111170354
1415177991784	23.75100053361793	38.824853027331656	37.42414643905042
1415178006799	24.245203571994363	38.29969985790906	37.45509657009657
1415178021784	24.441723514663867	38.01404510228598	37.54423138305015
1415178036804	24.46789036627781	38.00052127065568	37.531588363066504
1415178051846	24.38926978632763	38.07994730353819	37.53078291013418
1415178066776	23.348172152575355	39.26977368447779	37.38205416294685
1415178081799	24.480556296691567	38.021109481560046	37.498334221748394
1415178096815	24.385139979657513	38.10986002034249	37.505
1415178111819	24.41589562670572	38.05164764892678	37.5324567243675
1415178126806	21.95418474323638	53.03751650059884	25.00829875616478
1415178141735	24.47040173543031	38.044637366234014	37.48496089833567
1415178156800	24.465530467264784	38.03275677637103	37.501712756364185
1415178171835	24.47003728214028	37.995077779372004	37.534884938487714
1415178186784	24.238977721281863	38.246807281059446	37.5142149976587
1415178201820	23.341927971388174	39.33262469564193	37.325447332969894
1415178216790	24.428639323622356	38.01628074221452	37.55507993416313
1415178231825	24.428193040030653	38.076745768464164	37.49506119150519
1415178246799	24.453291933760685	38.00330205564287	37.54340601059645
1415178261800	23.50153656525614	39.02012604612532	37.478337388618534
1415178276830	24.336588406399333	38.155123194546945	37.508288399053725
1415178291785	24.361245258426216	38.11284367504086	37.525911066532935
1415178306800	23.9036915996932	38.602142122554945	37.49416627775185
1415178321784	24.062028932399457	63.44380440093388	12.494166666666667
1415178336820	23.786549099530006	38.74590762483751	37.46754327563249
1415178351808	24.193736659551764	38.29876533991504	37.5074980005332
1415178366799	24.406689141827165	38.066601456463424	37.526709401709404
1415178381804	24.33783108445777	38.128041531490894	37.53412738405133
1415178396823	23.376018626309662	39.22049591200685	37.403485461683495
1415178411800	24.410191359209527	38.088974808831644	37.50083383195882
1415178426799	24.21955774939132	38.27710891727534	37.50333333333333
1415178441818	24.403617816163685	38.057304094172885	37.53907808966343
1415178456822	23.642071429166215	38.96704028875067	37.390888282083125
1415178471794	24.13427679778375	38.40830535860026	37.457417843616
1415178486830	24.3880115158676	38.08036752578617	37.531620958346224
1415178501799	24.428678741340455	38.01370217922872	37.557619079430815
1415178516800	24.42737907630221	38.070121090353354	37.502499833344444
1415178531819	23.3521281373185	39.202802284147644	37.445069578533854
1415178546808	24.23332833058182	38.23498176348716	37.53168990593101
1415178561827	24.440857352060174	50.5658141663112	24.993328481628623
1415178576815	24.440396714654547	37.99609792200545	37.56350536334
1415178591784	23.091908091908092	39.561617099950425	37.34647480814148
1415178606818	24.596035315675497	37.90478727488423	37.49917740944028
1415178621784	24.37263435212512	38.09064600855823	37.53671963931665
1415178636819	24.44007629455027	38.05160146843242	37.50832223701731
1415178651784	24.177775554610708	38.29302218350274	37.52920226188655
1415178666821	23.4369801024822	39.11121027806747	37.45180961945034
